test/known_good_answers/boscastle50m_72hr_u_flipped_lr/WaterDepths3360.asc
ncols	120
nrows	60
xllcorner	209000
yllcorner	89000
cellsize	50
NODATA_value	-9999
[rows 24 to 47 of 60, columns 0 to 54 of 120]
9.99959e-06 9.99919e-06 0.000162529 1.0002e-05 9.99607e-06 9.9985e-06 9.99827e-06 9.99291e-06 9.99925e-06 9.99902e-06 9.99516e-06 9.99825e-06 0.444671 9.99997e-06 9.99549e-06 9.99937e-06 9.9985e-06 9.99723e-06 9.99887e-06 9.99589e-06 9.99977e-06 9.99539e-06 9.99865e-06 9.99442e-06 9.99572e-06 1.00058e-05 2.19049e-05 5.42254e-05 0.000115512 0.00023019 0.000474114 0.000897387 0.0029751 0.000346259 0.000277596 0.000198956 1.78578e-05 2.66802e-05 1.03035e-05 1.10544e-05 1.00017e-05 9.99938e-06 0.000194809 0.000429553 0.000137465 5.13426e-05 5.15436e-05 4.31113e-05 3.16003e-05 2.6986e-05 2.36935e-05 0.0014901 5.82583e-05 9.99434e-06 9.99708e-06
9.99532e-06 9.99947e-06 1.20543e-05 1.01958e-05 1.00056e-05 9.99583e-06 9.99865e-06 9.99906e-06 9.99939e-06 9.99659e-06 9.99867e-06 9.99861e-06 0.000311037 9.99445e-06 9.99984e-06 9.99436e-06 9.99496e-06 9.99876e-06 9.99591e-06 9.99948e-06 9.99738e-06 9.99444e-06 9.99748e-06 9.99933e-06 9.99882e-06 1.05866e-05 3.17259e-05 7.72855e-05 0.000161338 0.000318219 0.000565924 0.00116221 0.00249341 0.000276602 0.000198782 0.000154635 2.74786e-05 2.5644e-05 1.56407e-05 1.0961e-05 9.99995e-06 1.00018e-05 0.000148246 0.000194379 0.000123773 7.88153e-05 5.03342e-05 3.22648e-05 1.57747e-05 2.2246e-05 0.000145326 0.00141044 9.13196e-05 9.99791e-06 9.99985e-06
9.99959e-06 9.99919e-06 9.99842e-06 9.99725e-06 9.99833e-06 1.00042e-05 1.00015e-05 9.99888e-06 9.99902e-06 9.99621e-06 9.99594e-06 4.56389 0.000150855 9.99651e-06 9.99712e-06 9.99962e-06 9.99597e-06 9.99771e-06 9.99459e-06 9.99899e-06 9.99937e-06 9.99694e-06 9.99942e-06 9.99547e-06 9.99927e-06 1.48031e-05 4.61031e-05 0.00011021 0.000224867 0.000439144 0.00067489 0.00156453 0.00179392 0.000196618 1.66846e-05 2.21361e-05 2.80788e-05 3.29648e-05 3.19329e-05 9.99529e-06 9.99831e-06 9.99837e-06 9.99572e-06 9.99505e-06 9.99955e-06 9.99597e-06 9.99958e-06 9.99805e-06 1.02686e-05 2.77359e-05 0.00106152 0.00129088 0.000143528 9.99889e-06 9.99485e-06
9.99885e-06 9.99589e-06 9.99779e-06 9.9988e-06 1.00012e-05 1.00013e-05 9.99863e-06 9.99884e-06 9.99872e-06 9.99576e-06 1.01677 0.00520938 0.000232962 9.99714e-06 9.99927e-06 9.99583e-06 9.99962e-06 9.99745e-06 9.99741e-06 9.99691e-06 9.99798e-06 9.99942e-06 9.99813e-06 9.99805e-06 1.03994e-05 2.04246e-05 6.75442e-05 0.000157072 0.000312422 0.000505106 0.000787684 0.00218626 0.000374356 0.000149742 9.99921e-06 1.38994e-05 2.13766e-05 3.27269e-05 4.98303e-05 1.00021e-05 9.9962e-06 9.99704e-06 9.99716e-06 9.9992e-06 9.99445e-06 9.99806e-06 9.99899e-06 9.99443e-06 1.00024e-05 9.9999e-06 0.00100911 0.000335315 0.000225737 9.99802e-06 9.99634e-06
9.99587e-06 9.99638e-06 9.99927e-06 9.99874e-06 9.99838e-06 9.9985e-06 9.99565e-06 1.00014e-05 9.99863e-06 3.01542 0.00470548 0.000621142 0.000367479 9.99582e-06 9.99886e-06 9.99499e-06 9.99557e-06 9.99952e-06 9.99734e-06 9.99778e-06 9.99589e-06 9.99628e-06 9.99668e-06 9.99996e-06 1.59739e-05 2.75447e-05 9.98589e-05 0.000223287 0.000431932 0.000566494 0.000945519 0.00167681 0.000431931 1.21669e-05 9.99581e-06 9.99893e-06 9.99898e-06 5.07625e-05 4.88026e-05 9.99586e-06 1.0002e-05 9.99617e-06 9.99852e-06 9.99964e-06 9.99448e-06 9.9981e-06 9.99917e-06 9.99468e-06 9.99864e-06 1.00013e-05 0.000785929 0.00030135 0.00021542 9.99883e-06 9.99653e-06
9.99441e-06 9.99882e-06 9.99932e-06 9.99865e-06 9.99561e-06 9.99866e-06 1.00013e-05 9.99858e-06 1.00632 0.00420477 0.000800074 0.000741347 0.000580115 9.40482e-05 9.9964e-06 9.99526e-06 9.99561e-06 9.99451e-06 9.99186e-06 9.99437e-06 9.99661e-06 9.99644e-06 9.997e-06 9.99885e-06 2.47172e-05 3.60761e-05 0.000149185 0.000315778 0.000492766 0.000588186 0.00118579 0.00114918 0.000148782 1.83625e-05 9.99978e-06 9.99494e-06 9.99853e-06 9.99939e-06 7.56545e-05 1.0001e-05 9.99824e-06 9.99912e-06 9.99668e-06 9.9987e-06 9.9985e-06 9.99809e-06 9.99997e-06 9.999e-06 9.99783e-06 9.99902e-06 0.000552893 0.000237193 0.00019414 9.99482e-06 9.99499e-06
9.99617e-06 9.99929e-06 9.99855e-06 9.99853e-06 9.99556e-06 1.00045e-05 0.000965685 0.00589032 0.000910551 0.0134776 0.000768018 0.000799897 0.000816038 0.000812512 9.9954e-06 9.99676e-06 9.9967e-06 9.9987e-06 9.99845e-06 9.99711e-06 9.99497e-06 9.9956e-06 9.99668e-06 9.99789e-06 3.84613e-05 4.47517e-05 0.000225443 0.000442279 0.000540653 0.000577025 0.000808917 0.0010265 1.58384e-05 1.1903e-05 9.99784e-06 9.99804e-06 9.99307e-06 9.99454e-06 7.50761e-05 9.99961e-06 9.99865e-06 9.99675e-06 9.99872e-06 9.99775e-06 9.9961e-06 9.99444e-06 9.9994e-06 9.9969e-06 9.99463e-06 9.9935e-06 0.000316163 9.84638e-05 0.000147845 9.99621e-06 9.99875e-06
9.99796e-06 9.99757e-06 9.99921e-06 0.000235994 0.000384471 0.000763759 0.000881162 0.000468356 0.000334621 0.00291338 0.000639268 0.000690489 0.000728622 0.000742811 0.000743707 9.99661e-06 9.99731e-06 9.99553e-06 9.99562e-06 9.99281e-06 9.99616e-06 9.99587e-06 9.99811e-06 9.99756e-06 6.01071e-05 4.93309e-05 0.000344635 0.000510579 0.000527771 0.00050722 0.000929958 0.000328247 1.82196e-05 1.79858e-05 9.99541e-06 9.99838e-06 9.99511e-06 9.99857e-06 7.39385e-05 9.99977e-06 9.99444e-06 9.99349e-06 9.99418e-06 9.99275e-06 9.99079e-06 9.99546e-06 9.99997e-06 9.99989e-06 9.9963e-06 0.415838 9.98952e-05 2.47219e-05 9.99785e-06 9.99906e-06 9.9947e-06
9.99746e-06 0.106465 9.99654e-06 9.9933e-06 3.84595e-05 0.000457197 0.000158139 0.000324778 0.000414016 0.00257338 0.000477566 0.000548916 0.000616836 0.000646389 0.000648304 0.000629262 1.71543e-05 2.63804e-05 9.99724e-06 9.99961e-06 9.99367e-06 9.99682e-06 9.99615e-06 9.99677e-06 9.42503e-05 0.000399742 0.000426076 0.000551999 0.000432659 0.00036645 0.000583131 0.000114444 2.79831e-05 1.65592e-05 9.99994e-06 9.99902e-06 9.99925e-06 9.99995e-06 7.28326e-05 9.99893e-06 9.99884e-06 9.99079e-06 9.99275e-06 9.99025e-06 9.99433e-06 9.99431e-06 9.99282e-06 9.99537e-06 9.9952e-06 0.000487775 0.000150457 3.84673e-05 9.99889e-06 9.99574e-06 9.99932e-06
9.99539e-06 9.9983e-06 9.99795e-06 9.99501e-06 6.01042e-05 0.000245955 0.00032699 0.000332721 0.000376822 0.00225885 0.000265275 0.000355073 0.000478509 0.000541883 0.000566456 0.00052334 0.000564654 0.000304743 9.99878e-06 9.99801e-06 9.99978e-06 9.99722e-06 9.99897e-06 9.99527e-06 0.000147848 0.000235513 0.000327048 0.000564856 0.000122228 0.000123309 0.000242036 7.11847e-05 4.33526e-05 1.52095e-05 9.99814e-06 9.99994e-06 9.99858e-06 0.000147844 7.17568e-05 7.3109e-05 9.99979e-06 9.99412e-06 9.99079e-06 9.99433e-06 9.99914e-06 9.99752e-06 9.99478e-06 9.99721e-06 0.391334 0.00030118 0.00022624 6.01128e-05 9.99655e-06 9.99438e-06 9.99803e-06
9.99769e-06 9.99852e-06 9.99675e-06 9.99571e-06 9.42456e-05 0.000235838 0.000264974 0.000187864 0.000288129 0.00203051 0.000152004 0.000198792 0.00027778 0.000400995 0.000502613 0.000359491 0.000264354 0.000147844 9.99919e-06 9.99898e-06 9.99881e-06 9.99834e-06 9.99535e-06 9.99509e-06 9.99974e-06 0.000148101 0.00027497 0.00025956 0.000172568 0.00012217 0.000178733 6.36628e-05 4.13487e-05 1.37085e-05 9.99025e-06 9.99275e-06 0.0015124 0.00208061 0.00236911 0.00255552 1.01115 2.01115 0.00186199 0.00187051 9.99676e-06 9.99778e-06 9.99551e-06 0.334729 0.000236323 0.00022624 0.000194782 9.42532e-05 9.99592e-06 9.9968e-06 9.9957e-06
9.99768e-06 9.99869e-06 9.99511e-06 9.99673e-06 0.000147844 0.000194139 0.000123541 8.44379e-05 0.000233537 0.0018655 9.32573e-05 9.45096e-05 0.000109194 0.000107953 0.000524601 0.000317956 0.000215419 9.995e-06 9.9979e-06 9.99657e-06 9.99832e-06 9.9947e-06 9.99977e-06 9.99841e-06 9.99955e-06 9.99894e-06 0.000238228 3.10289e-05 4.43448e-05 5.40914e-05 0.000101204 5.88259e-05 3.95337e-05 1.23106e-05 9.99896e-06 0.00219148 0.00144305 0.000967824 0.000623067 0.000430871 0.000422056 0.000467923 0.00219254 0.00328281 0.00333555 0.00338808 2.32225 2.47232e-05 3.84666e-05 6.01117e-05 9.42522e-05 0.000147848 9.99635e-06 9.9977e-06 9.99637e-06
9.99768e-06 9.99794e-06 9.99788e-06 9.99783e-06 9.99905e-06 9.99544e-06 9.99589e-06 2.88118e-05 0.000195728 0.00173062 9.00109e-05 7.6457e-05 0.000108373 0.000151482 0.000207243 0.000273575 0.000194139 9.99779e-06 9.99849e-06 9.99809e-06 9.99742e-06 9.99873e-06 9.99756e-06 9.9989e-06 9.99783e-06 1.00006e-05 2.40472e-05 4.07951e-05 5.45856e-05 6.15028e-05 7.07016e-05 5.63641e-05 3.78525e-05 1.85494e-05 0.00215879 0.00213116 0.00021179 0.000134881 8.61535e-05 0.000169271 0.000281434 0.000395798 0.000399974 9.99648e-06 9.99931e-06 9.99889e-06 9.99992e-06 9.99508e-06 9.99871e-06 9.99974e-06 9.99512e-06 9.99854e-06 9.99775e-06 9.99743e-06 9.99481e-06
0.01 9.99455e-06 9.99802e-06 9.99534e-06 9.99825e-06 9.99633e-06 9.9958e-06 4.48872e-05 0.000143227 0.00160556 0.000100781 3.2663e-05 5.06941e-05 7.9026e-05 0.000123709 0.000194151 0.000147844 9.99933e-06 9.99437e-06 9.99472e-06 9.99873e-06 9.99964e-06 9.99737e-06 9.99793e-06 9.99569e-06 1.08511e-05 3.53641e-05 5.34271e-05 6.53798e-05 6.63991e-05 7.74858e-05 3.77399e-05 0.000153409 0.00129338 0.00209687 9.99941e-06 9.99826e-06 9.99437e-06 9.99593e-06 9.99839e-06 0.000234739 0.000378031 9.99826e-06 9.99495e-06 9.99922e-06 0.213114 9.99735e-06 9.99761e-06 9.99649e-06 9.99574e-06 9.99449e-06 9.99985e-06 9.99932e-06 9.99526e-06 9.99817e-06
0.01 9.99851e-06 9.99675e-06 9.99963e-06 9.99894e-06 9.9996e-06 9.99901e-06 7.02151e-05 0.000211964 0.00149119 0.000148258 9.99892e-06 9.99567e-06 1.0004e-05 9.99601e-06 9.99519e-06 9.99826e-06 9.99974e-06 9.99874e-06 9.997e-06 9.99733e-06 9.99785e-06 9.99472e-06 9.99841e-06 9.99538e-06 1.65247e-05 5.19295e-05 6.74877e-05 7.47397e-05 6.56084e-05 8.58696e-05 0.00101829 0.0014687 0.0011812 0.00127129 9.99798e-06 9.99654e-06 9.99809e-06 9.99507e-06 9.99894e-06 0.000233445 1.88305e-05 9.998e-06 9.99615e-06 9.99589e-06 0.000235962 9.99289e-06 9.99571e-06 9.99966e-06 9.99586e-06 9.99663e-06 9.99775e-06 9.99778e-06 9.99905e-06 9.99779e-06
0.00127494 9.9997e-06 9.99864e-06 9.99879e-06 9.99628e-06 9.99574e-06 9.99964e-06 0.00011018 0.000312444 0.00133363 0.00162663 9.99877e-06 9.99897e-06 9.99559e-06 9.99898e-06 9.998e-06 9.99873e-06 9.99771e-06 9.99657e-06 9.99794e-06 9.99949e-06 9.99605e-06 9.99745e-06 9.99825e-06 9.99581e-06 2.53725e-05 7.62597e-05 7.99042e-05 7.99044e-05 0.000545464 0.000875826 0.00091358 0.000684129 0.000761374 8.64227e-05 9.99941e-06 9.9991e-06 9.99925e-06 9.99779e-06 9.99651e-06 9.99836e-06 9.99859e-06 9.99616e-06 9.99521e-06 9.99761e-06 9.99791e-06 9.99466e-06 9.99628e-06 9.99727e-06 9.99494e-06 9.99728e-06 9.99963e-06 9.99802e-06 9.99864e-06 9.99436e-06
0.00120045 9.99814e-06 9.99592e-06 9.99493e-06 9.99759e-06 9.99778e-06 9.99625e-06 0.000173317 0.000457951 0.00112338 0.000112544 0.348163 0.000810923 9.99624e-06 1.00004e-05 1.00014e-05 9.996e-06 9.9978e-06 9.99494e-06 9.99525e-06 9.99619e-06 9.9948e-06 9.99478e-06 9.99845e-06 9.99876e-06 3.92183e-05 0.000111792 8.17067e-05 7.79806e-05 0.000423051 0.000476202 0.000866056 0.000269271 2.25803e-05 9.99968e-06 9.99979e-06 9.99625e-06 9.99825e-06 9.99521e-06 1.00022e-05 9.99946e-06 9.99883e-06 9.99556e-06 9.99606e-06 9.99799e-06 9.99494e-06 0.363641 9.99819e-06 9.99932e-06 9.99498e-06 9.99738e-06 9.99509e-06 9.99143e-06 9.99931e-06 9.99466e-06
0.00112401 9.99431e-06 9.99464e-06 9.99495e-06 9.99908e-06 9.99634e-06 9.996e-06 0.000273156 0.00066571 0.000803392 9.99332e-06 0.000886629 1.00424 0.000129699 1.10036e-05 9.99592e-06 9.99965e-06 9.99484e-06 9.99658e-06 9.99993e-06 9.99609e-06 9.99641e-06 9.9955e-06 9.99859e-06 9.99595e-06 6.09538e-05 0.000163283 0.000459223 0.000678843 0.000553942 0.000412688 0.000528792 9.99671e-06 9.99488e-06 9.9946e-06 9.99517e-06 9.99911e-06 9.99949e-06 9.99859e-06 1.0001e-05 9.99733e-06 9.99652e-06 9.99667e-06 9.99802e-06 9.99492e-06 9.99602e-06 0.000376093 9.9973e-06 9.99908e-06 9.99541e-06 9.99567e-06 9.99582e-06 9.99331e-06 9.99952e-06 9.99975e-06
0.00104535 9.99814e-06 9.99715e-06 9.99659e-06 9.99611e-06 9.99904e-06 9.99845e-06 0.000430834 0.000879766 0.000147844 9.99576e-06 9.99977e-06 0.00115909 0.00102471 1.61555e-05 9.99875e-06 9.99891e-06 9.99823e-06 9.9992e-06 9.99583e-06 9.99717e-06 9.99972e-06 9.99902e-06 9.9988e-06 9.99886e-06 9.51577e-05 0.000236783 0.000265795 0.000280529 0.000279704 1.47315e-05 1.58074e-05 9.99667e-06 9.99689e-06 9.99569e-06 9.99818e-06 9.99431e-06 9.99856e-06 9.99544e-06 1.00003e-05 9.99525e-06 9.99814e-06 9.99608e-06 9.99488e-06 9.99262e-06 9.99666e-06 0.000235957 9.99538e-06 9.99829e-06 9.9992e-06 9.99444e-06 9.99867e-06 9.99638e-06 9.99638e-06 9.99435e-06
0.000964096 9.99775e-06 9.99633e-06 9.99654e-06 9.99319e-06 9.99885e-06 9.99667e-06 0.000586606 0.000510299 9.99993e-06 9.99835e-06 9.99744e-06 0.000196948 0.000971325 0.000291041 9.99813e-06 9.99495e-06 9.99786e-06 9.9995e-06 9.9978e-06 9.99924e-06 9.99582e-06 9.99633e-06 9.99859e-06 1.00043e-05 0.000148776 0.000195561 0.000124608 0.000126772 9.99208e-06 9.99948e-06 9.99602e-06 9.99672e-06 9.99746e-06 9.99952e-06 9.99785e-06 9.99795e-06 9.99581e-06 9.99838e-06 9.9978e-06 9.99854e-06 9.99835e-06 9.99907e-06 9.99897e-06 9.9979e-06 0.107327 9.99636e-06 9.99444e-06 9.99624e-06 9.99438e-06 9.99462e-06 9.99638e-06 3.59591e-07 6.90067e-06 9.99635e-06
0.000879797 9.99467e-06 9.99879e-06 9.99841e-06 9.99599e-06 9.99769e-06 9.99492e-06 0.000484212 0.000387992 9.99807e-06 9.99925e-06 9.99582e-06 0.00015417 0.000704525 0.00029149 0.000149024 9.99448e-06 9.99553e-06 9.99868e-06 9.9997e-06 9.99708e-06 9.99793e-06 9.9989e-06 9.99817e-06 9.99831e-06 1.00013e-05 1.20321e-05 1.00017e-05 9.99449e-06 9.996e-06 9.99945e-06 9.99539e-06 9.99718e-06 9.99922e-06 9.99894e-06 9.99603e-06 9.9989e-06 9.99721e-06 0.000100259 9.99683e-06 9.99854e-06 9.99894e-06 9.99829e-06 9.99825e-06 9.99868e-06 0.107308 9.99677e-06 9.99611e-06 9.99673e-06 9.99647e-06 0 1.7134e-06 1.86709e-05 5.05709e-05 9.99586e-06
0.000791827 9.99798e-06 9.99853e-06 9.99694e-06 9.9992e-06 9.99626e-06 9.99831e-06 0.000369535 0.000244396 9.99886e-06 9.99672e-06 9.99599e-06 3.76196e-05 0.000401168 0.000272382 0.000148087 1.0002e-05 9.99934e-06 9.99855e-06 9.99797e-06 9.99904e-06 9.9998e-06 1.00027e-05 1.0001e-05 1.00001e-05 1.00047e-05 9.99986e-06 9.99931e-06 9.99952e-06 9.99778e-06 9.99945e-06 9.99846e-06 9.9976e-06 9.99793e-06 9.99678e-06 9.99472e-06 9.99708e-06 9.99807e-06 9.99836e-06 9.998e-06 9.99557e-06 1.00016e-05 9.99899e-06 9.99883e-06 0.326712 9.99768e-06 9.99874e-06 9.99472e-06 9.99595e-06 9.99532e-06 1.36898e-06 2.26329e-05 5.94645e-05 8.70155e-05 9.99893e-06
0.000699304 9.99804e-06 9.99879e-06 9.99501e-06 9.99785e-06 9.99687e-06 9.9947e-06 0.000232692 1.86578e-05 9.99788e-06 9.99841e-06 9.99198e-06 9.99823e-06 1.8659e-05 0.000232705 9.99498e-06 9.99947e-06 9.99871e-06 9.99451e-06 9.99506e-06 1.0001e-05 9.18862e-06 1.02219e-05 9.99996e-06 1.1718e-05 9.99966e-06 9.99892e-06 9.99983e-06 9.99789e-06 9.99866e-06 9.99736e-06 9.99622e-06 9.99805e-06 9.99985e-06 9.9929e-06 9.99506e-06 9.99775e-06 9.9987e-06 9.99628e-06 9.99852e-06 1.00009e-05 9.99544e-06 9.99873e-06 9.99621e-06 0.000236062 9.99529e-06 9.99755e-06 9.99651e-06 9.99678e-06 9.99695e-06 9.99592e-06 9.99713e-06 1.00007e-05 8.88865e-05 8.36219e-05
0.000600913 9.9955e-06 9.99937e-06 9.99781e-06 9.99773e-06 9.99536e-06 9.9985e-06 9.9974e-06 9.99939e-06 9.9967e-06 9.9983e-06 9.99202e-06 9.99603e-06 9.9984e-06 9.99451e-06 9.99704e-06 9.99601e-06 9.99867e-06 9.99638e-06 3.2921e-09 9.99864e-06 5.96913e-05 1.00003e-05 1.00009e-05 9.99946e-06 1.00004e-05 8.6839e-06 0 0 9.99778e-06 9.99583e-06 9.99708e-06 9.99794e-06 9.99766e-06 9.99816e-06 9.99842e-06 9.9989e-06 9.99913e-06 9.99664e-06 9.99858e-06 9.99513e-06 9.99521e-06 9.99841e-06 0.60263 9.99651e-06 9.99651e-06 9.99606e-06 9.99587e-06 9.99848e-06 9.99885e-06 9.99874e-06 9.99542e-06 9.99746e-06 1.00006e-05 1.00005e-05
