test/known_good_answers/boscastle50m_72hr_u_flipped_lr/WaterDepths3360.asc
ncols	120
nrows	60
xllcorner	209000
yllcorner	89000
cellsize	50
NODATA_value	-9999
[rows 0 to 23 of 60, columns 0 to 54 of 120]
0.000218884 9.99532e-06 0.000271556 0.000271564 0.000271572 9.9984e-06 9.9944e-06 9.99884e-06 9.99641e-06 9.99871e-06 9.99671e-06 9.99823e-06 9.99924e-06 9.99953e-06 9.99897e-06 9.99837e-06 9.99758e-06 9.99844e-06 9.99444e-06 9.99422e-06 9.99825e-06 9.99532e-06 9.9995e-06 9.99961e-06 9.99847e-06 9.99893e-06 9.99788e-06 9.99387e-06 9.99579e-06 9.99402e-06 9.99581e-06 9.99591e-06 9.99971e-06 9.99985e-06 9.99863e-06 9.99929e-06 9.99788e-06 9.99738e-06 9.99743e-06 9.99778e-06 9.99378e-06 9.99575e-06 9.99391e-06 9.99625e-06 9.99739e-06 9.99858e-06 9.99552e-06 9.99621e-06 9.99945e-06 9.99822e-06 9.99571e-06 9.99958e-06 9.99692e-06 9.99785e-06 9.99595e-06
1.72243e-05 9.99765e-06 2.30122e-05 2.30872e-05 2.3091e-05 9.99647e-06 9.9999e-06 9.9949e-06 9.99601e-06 9.99834e-06 9.99211e-06 0.000285866 9.99973e-06 9.99957e-06 9.99778e-06 9.99916e-06 9.99772e-06 9.99553e-06 9.99912e-06 9.99569e-06 9.99894e-06 9.9992e-06 9.99611e-06 9.99771e-06 9.99756e-06 9.99695e-06 9.99528e-06 9.99577e-06 9.99711e-06 9.99768e-06 9.99479e-06 9.99485e-06 9.99997e-06 9.99952e-06 9.99724e-06 9.99792e-06 9.99829e-06 9.99752e-06 9.99867e-06 9.99737e-06 9.99807e-06 9.99954e-06 9.99658e-06 9.99554e-06 9.9947e-06 9.99835e-06 9.99927e-06 9.99582e-06 9.99849e-06 9.99451e-06 9.99751e-06 9.99925e-06 9.99863e-06 9.99811e-06 9.99951e-06
1.84932e-05 9.99782e-06 1.51315e-05 3.25096e-05 2.47931e-05 9.99941e-06 9.99862e-06 9.99478e-06 9.99764e-06 9.99521e-06 9.99665e-06 2.45505e-05 9.99777e-06 9.99809e-06 9.9991e-06 9.99953e-06 9.99771e-06 9.9943e-06 9.99785e-06 9.99823e-06 9.99159e-06 9.9984e-06 9.99894e-06 9.99954e-06 9.99952e-06 9.9968e-06 9.99615e-06 9.9957e-06 9.99866e-06 9.99613e-06 9.99955e-06 9.99945e-06 9.99789e-06 9.9978e-06 9.99819e-06 9.99933e-06 9.99806e-06 9.99764e-06 9.99869e-06 9.9955e-06 9.99888e-06 9.99925e-06 9.99633e-06 9.99644e-06 9.99789e-06 9.99754e-06 9.99753e-06 9.99888e-06 9.99717e-06 9.9996e-06 9.9967e-06 9.996e-06 9.99586e-06 9.99517e-06 0.00023264
0.01 9.99987e-06 1.00024e-05 3.673e-05 2.66031e-05 9.99943e-06 9.99842e-06 9.99716e-06 1.00014e-05 9.99878e-06 9.99956e-06 1.22102e-05 9.99904e-06 1.00017e-05 9.99846e-06 9.9972e-06 9.9991e-06 9.99727e-06 9.99816e-06 9.99696e-06 9.9983e-06 9.99518e-06 9.99996e-06 9.99911e-06 9.99442e-06 9.99539e-06 9.99757e-06 9.99975e-06 9.99957e-06 9.99996e-06 9.99746e-06 9.99592e-06 9.9986e-06 0.000235949 9.99681e-06 9.99922e-06 9.99559e-06 9.99688e-06 9.99964e-06 9.99624e-06 9.99601e-06 9.99508e-06 9.9957e-06 9.99571e-06 9.99573e-06 9.99611e-06 9.99992e-06 9.99931e-06 9.99988e-06 9.99699e-06 9.99707e-06 9.99503e-06 9.99767e-06 9.99784e-06 1.16002e-05
9.99638e-06 0.0481663 9.99553e-06 3.95039e-05 2.87376e-05 9.99872e-06 9.99704e-06 9.99951e-06 9.99799e-06 9.99828e-06 1.0004e-05 1.00008e-05 1.00024e-05 9.99834e-06 0.000233717 2.88588e-05 0.000232769 9.99584e-06 9.99891e-06 9.99863e-06 9.99719e-06 9.99886e-06 9.99874e-06 9.998e-06 9.99906e-06 9.99765e-06 9.99551e-06 9.99974e-06 9.99964e-06 9.9985e-06 0.000147844 0.000194139 0.000215419 0.000533075 0.000147844 9.99681e-06 9.99609e-06 9.99551e-06 9.99442e-06 9.9961e-06 9.99829e-06 9.99689e-06 9.99567e-06 9.9975e-06 9.99965e-06 9.99556e-06 9.99767e-06 9.99431e-06 9.99941e-06 9.99744e-06 9.99614e-06 9.99514e-06 9.99902e-06 9.99753e-06 1.00011e-05
9.99638e-06 9.99491e-06 0.000244134 3.17092e-05 2.04429e-05 9.99845e-06 1.16867e-05 0.000233859 1.00012e-05 9.99829e-06 9.99856e-06 9.99888e-06 9.99865e-06 9.99822e-06 0.00014885 0.000440516 0.000234347 9.99446e-06 9.99485e-06 9.99998e-06 9.99759e-06 9.99959e-06 9.997e-06 9.99967e-06 9.99674e-06 9.99933e-06 9.99462e-06 9.99947e-06 9.99895e-06 9.99572e-06 0.000148789 0.00025509 0.000309427 0.000838238 0.000194139 9.99514e-06 9.99971e-06 9.99956e-06 9.99165e-06 9.99867e-06 9.99488e-06 9.99712e-06 9.9982e-06 9.99753e-06 9.99913e-06 9.99999e-06 9.99976e-06 9.99783e-06 9.99476e-06 0.000147844 9.42456e-05 6.01042e-05 3.84595e-05 2.47161e-05 1.76363e-05
9.99462e-06 9.99946e-06 0.000243999 0.000390419 1.41472e-05 9.9993e-06 0.000377115 0.000235189 9.99846e-06 1.00043e-05 9.99879e-06 9.99603e-06 9.99617e-06 1.00042e-05 0.000194617 0.000720666 0.000235142 9.99613e-06 9.99679e-06 9.99464e-06 9.9999e-06 9.99817e-06 9.99476e-06 0.000235949 9.99693e-06 9.99582e-06 9.99217e-06 9.99434e-06 9.9995e-06 9.99808e-06 9.99989e-06 0.000255289 0.000351438 0.000669018 0.000827714 9.99711e-06 9.99645e-06 9.99541e-06 9.9985e-06 9.99568e-06 9.99874e-06 9.99933e-06 9.99923e-06 9.99583e-06 9.99522e-06 9.99494e-06 9.99808e-06 0.000147844 0.000194139 0.000254848 0.000414352 5.01028e-05 4.51651e-05 3.63113e-05 2.83444e-05
9.99368e-06 9.99437e-06 1.23469e-05 0.000509137 1.00044e-05 9.99933e-06 0.000599981 0.000235808 9.99852e-06 9.99604e-06 1.0002e-05 9.99335e-06 1.00044e-05 9.99935e-06 0.000123959 0.000530428 0.000726903 9.99859e-06 9.99829e-06 9.99862e-06 9.99778e-06 9.99716e-06 9.99608e-06 0.000235949 0.000376089 9.99612e-06 9.99912e-06 9.9975e-06 9.9969e-06 9.99944e-06 9.99597e-06 1.3776e-05 0.000224146 0.000529453 0.00116765 9.99602e-06 9.99644e-06 9.99862e-06 9.9989e-06 9.99873e-06 9.99967e-06 9.99912e-06 9.99512e-06 9.99924e-06 9.99564e-06 9.99479e-06 9.99851e-06 0.000194139 0.00027357 0.000334772 0.000699724 3.21431e-05 2.90471e-05 3.33918e-05 3.15241e-05
9.99949e-06 9.997e-06 0.000604618 0.000960343 0.000654967 0.00047137 0.00101687 0.000236065 9.99832e-06 9.99885e-06 9.9961e-06 9.99869e-06 9.99575e-06 9.99846e-06 7.90392e-05 0.000409806 0.00100269 9.99484e-06 9.99892e-06 9.99511e-06 9.99823e-06 9.99873e-06 9.99625e-06 0.000149988 0.000548568 9.99825e-06 9.99531e-06 9.99905e-06 9.99871e-06 9.99869e-06 9.99885e-06 9.99913e-06 0.000143112 0.000366091 0.00137267 9.99525e-06 9.99553e-06 9.99756e-06 9.99609e-06 9.9982e-06 9.99735e-06 9.99925e-06 9.99525e-06 9.99843e-06 9.9983e-06 0.000147844 9.42456e-05 0.000149848 0.000292367 0.00031591 0.000923929 2.6464e-05 1.87837e-05 2.15206e-05 2.73332e-05
0.000316233 0.000677232 0.000598307 0.000853097 0.00133702 0.00161581 0.00219146 0.00230219 9.9954e-06 9.99572e-06 9.99897e-06 9.99897e-06 9.99907e-06 9.99854e-06 5.05668e-05 0.000335822 0.0012048 9.99438e-06 9.99881e-06 9.99755e-06 0.000232692 1.86592e-05 9.9992e-06 9.54096e-05 0.000720773 0.000147844 9.99732e-06 9.9997e-06 9.99294e-06 9.99612e-06 9.99553e-06 9.99836e-06 9.15959e-05 0.000250992 0.0015126 9.99554e-06 9.99876e-06 9.99802e-06 9.99836e-06 9.99762e-06 9.9957e-06 9.99591e-06 9.99446e-06 9.99436e-06 9.99751e-06 9.42456e-05 0.000194777 0.000255779 0.000343809 0.000331878 0.000710596 0.000806749 1.22312e-05 1.39646e-05 2.17159e-05
0.000312803 0.000518389 0.000397323 0.00033116 0.000219225 0.000147078 9.99208e-05 3.10694 9.99825e-06 9.99859e-06 9.9992e-06 9.99895e-06 9.99605e-06 9.99889e-06 3.24882e-05 0.000217373 0.000841449 0.000927288 9.99658e-06 9.99694e-06 0.000234308 0.000377582 9.99549e-06 6.08512e-05 0.000517254 0.000669435 9.99594e-06 9.9957e-06 9.99681e-06 9.99895e-06 9.99553e-06 1.00015e-05 5.87953e-05 0.000253025 0.00167751 0.000147844 9.99763e-06 9.99898e-06 9.998e-06 9.99724e-06 9.99778e-06 9.99894e-06 9.99432e-06 9.99601e-06 9.99612e-06 6.01042e-05 0.000226235 0.000314319 0.000393673 0.00042514 0.000627657 0.00125392 0.000149505 9.9974e-06 0.000151108
0.000493869 0.00370034 5.20394e-05 6.12916e-05 5.36626e-05 4.26211e-05 3.23462e-05 0.000246004 9.99847e-06 9.99862e-06 9.99872e-06 9.9992e-06 9.99838e-06 9.99865e-06 2.09865e-05 0.000140796 0.000556438 0.0012332 0.000198217 0.000126251 0.000265214 0.000388749 0.000246581 0.000169024 0.000426869 0.00060654 0.000442558 0.000446894 9.99676e-06 9.99751e-06 9.99797e-06 9.99608e-06 3.78761e-05 0.000510221 0.00172948 0.000194139 9.99892e-06 9.9994e-06 9.99828e-06 9.99925e-06 9.99695e-06 9.99642e-06 9.99636e-06 9.99606e-06 9.99521e-06 3.84595e-05 0.000150453 0.000312772 0.000416882 0.00047915 0.000607529 0.00099977 0.00108464 8.77098e-05 0.000805131
0.000780304 0.00016828 0.000107245 6.83968e-05 4.37921e-05 2.82272e-05 1.84402e-05 1.2391e-05 0.234222 9.99584e-06 9.99591e-06 9.99493e-06 9.99521e-06 9.99613e-06 1.36534e-05 9.13993e-05 0.000367756 0.00138967 0.0014607 0.000247619 0.000327913 0.000421181 0.000403107 0.000365086 0.000456213 0.000586571 0.00057035 0.000563918 0.000568788 9.99523e-06 1.00013e-05 1.00016e-05 0.00015334 0.00149454 0.00117628 0.000287316 0.000225736 0.000215419 0.000194139 0.000147844 9.99706e-06 9.99962e-06 9.99814e-06 9.9976e-06 9.99775e-06 2.47161e-05 9.98914e-05 0.000295719 0.000421049 0.000507047 0.000609955 0.000860499 0.00101647 0.00110773 0.00108648
0.000706341 9.99576e-06 9.99583e-06 9.99246e-06 9.99858e-06 9.99865e-06 9.99528e-06 9.99553e-06 0.000157785 0.452943 9.9951e-06 9.99509e-06 9.9986e-06 9.99856e-06 1.00022e-05 5.9445e-05 0.000243106 0.000216381 0.00707888 0.00109793 0.000810088 0.000679938 0.000602253 0.000545412 0.000555769 0.000622324 0.00064673 0.000655809 0.0010251 0.000126117 1.83413e-05 0.000151659 0.000149698 0.002001 0.000871864 0.000377548 0.000335027 0.000300746 0.000235838 9.42456e-05 9.99877e-06 9.99488e-06 9.99176e-06 9.9976e-06 9.99491e-06 1.59731e-05 6.6369e-05 0.000200805 0.000385713 0.000505035 0.000610253 0.000786385 0.000947078 0.00106879 0.00184144
0.000608332 9.99861e-06 9.99486e-06 9.99592e-06 9.99616e-06 1.00019e-05 9.99845e-06 9.99522e-06 5.08274e-05 0.00041231 9.9952e-06 9.99664e-06 9.99375e-06 9.99496e-06 9.99935e-06 3.87657e-05 0.000160816 0.000191064 9.25279e-05 0.000749525 0.000824834 1.00619 0.0016199 0.00829058 0.00216461 0.00244208 0.00272114 0.0114335 0.00217596 0.0014188 0.00144332 0.000255469 0.000628661 0.00225157 0.000716868 0.00042874 0.000356622 0.000238384 0.000162442 6.01042e-05 9.99659e-06 9.99956e-06 9.99534e-06 9.99527e-06 9.99689e-06 1.0399e-05 4.41759e-05 0.000225087 0.000376689 0.000500076 0.000608143 0.000746908 0.000893056 0.00102347 0.00149625
0.00050246 1.00015e-05 9.99268e-06 9.99856e-06 9.99617e-06 9.99584e-06 1.00044e-05 9.99536e-06 7.92195e-05 0.000265646 0.000593057 0.611457 9.99786e-06 9.993e-06 1.00026e-05 2.48897e-05 0.000106398 0.000153025 0.000125817 0.000871944 1.44785 9.99848e-06 9.99806e-06 9.9967e-06 1.04009e-05 2.96991e-05 5.89706e-05 0.000108437 0.00980988 0.00315006 0.00240507 0.00158374 0.00119588 0.00275278 0.00116633 0.000419565 0.000278058 0.000181793 0.000111046 3.84595e-05 9.99759e-06 9.9973e-06 9.99487e-06 9.99828e-06 9.99638e-06 1.00025e-05 2.9424e-05 0.000147581 0.000343954 0.00048349 0.000599567 0.000722776 0.000854149 0.00098204 0.0121567
0.000384853 9.99598e-06 9.99851e-06 9.99594e-06 9.99911e-06 9.99856e-06 9.99564e-06 1.00011e-05 0.000124039 0.000265322 0.000343823 0.000348719 0.000525187 0.000657451 0.000765912 0.000862169 0.00105148 1.51557 0.000294514 9.9973e-06 9.99829e-06 9.99559e-06 9.99275e-06 9.99579e-06 1.59761e-05 4.29168e-05 8.07913e-05 0.00014652 0.000229011 0.000364777 0.00274796 0.00375754 0.00449835 0.006677 0.0251229 0.00823908 0.00021119 0.000127603 5.38533e-05 7.54863e-05 9.99729e-06 9.99527e-06 9.99792e-06 9.99853e-06 9.99675e-06 9.99893e-06 1.96381e-05 9.69007e-05 0.000311174 0.000461284 0.000585268 0.000703947 0.0117862 0.0341189 0.0115703
0.000246336 1.00017e-05 9.9956e-06 9.99631e-06 9.99914e-06 1.00014e-05 9.99844e-06 9.99559e-06 0.000194563 0.000236204 0.000283314 0.000207733 0.000148625 0.000104702 6.66119e-05 3.23979e-05 0.000243987 9.99643e-06 9.99623e-06 9.99829e-06 9.99452e-06 9.99948e-06 9.99545e-06 9.99486e-06 2.47208e-05 6.1792e-05 0.000109604 0.000197635 0.000295968 0.000475038 0.000601719 0.000701189 0.000857393 0.00206658 0.002638 1.02811 5.02811 9.46526e-05 5.17983e-05 4.82444e-05 9.99523e-06 9.99904e-06 9.99767e-06 9.99741e-06 9.99982e-06 9.99928e-06 1.31531e-05 6.38441e-05 0.000285296 0.0070141 0.0108214 0.0326069 0.0114721 0.000571867 0.00160516
3.62607e-05 1.02241e-05 9.99904e-06 9.99882e-06 9.9959e-06 9.99845e-06 1.00011e-05 9.99828e-06 0.000148326 9.4782e-05 0.000172454 0.000109947 7.01547e-05 4.48823e-05 4.66381e-05 0.454719 9.9955e-06 9.999e-06 9.99721e-06 9.99594e-06 9.9991e-06 9.99768e-06 9.99666e-06 9.99448e-06 3.8467e-05 8.83607e-05 0.000146735 0.000266589 0.000377024 0.000521968 0.000619839 0.000702295 0.000918455 0.00297354 0.00310152 0.000137785 0.00944255 0.0284555 0.00957989 3.09562e-05 9.99537e-06 9.99869e-06 9.99817e-06 9.99507e-06 9.99657e-06 9.9994e-06 9.99983e-06 0.0107622 0.0302021 0.0068509 0.00644427 0.00140021 9.99521e-06 0.00118622 0.00129482
3.0189e-05 1.50289e-05 9.99589e-06 9.99835e-06 1.00012e-05 9.9983e-06 9.99827e-06 9.99547e-06 9.99808e-06 9.99833e-06 9.99598e-06 1.00046e-05 9.9961e-06 9.99932e-06 9.99344e-06 0.000376118 9.99964e-06 9.99822e-06 9.99552e-06 9.99463e-06 9.99837e-06 9.99495e-06 9.99894e-06 9.99533e-06 6.01159e-05 0.000124986 0.000193055 0.000360453 0.000469457 0.000547972 0.000613582 0.000687526 0.00103362 1.01519 0.000271931 0.000116631 7.45434e-05 0.000165452 0.00963823 0.0097017 0.00977937 0.0098708 0.0295651 0.0101285 0.0102822 0.0105994 0.010644 0.0311658 2.19048e-05 1.31434e-05 3.80539e-05 9.99878e-06 9.99272e-06 0.00790713 0.000147844
2.83264e-05 1.27082e-05 9.99833e-06 9.99797e-06 9.9981e-06 1.00012e-05 1.0001e-05 9.99525e-06 9.99538e-06 9.99861e-06 9.99601e-06 9.99621e-06 9.99691e-06 9.99912e-06 9.99613e-06 0.000235974 9.99732e-06 9.99925e-06 9.99563e-06 9.99522e-06 9.99872e-06 9.99573e-06 9.99768e-06 9.99452e-06 9.42639e-05 0.000173898 0.000248312 0.000377899 0.000458064 0.00051726 0.000576234 0.000663654 0.00125715 0.00394066 0.000254912 3.3728e-05 9.99627e-06 1.00026e-05 9.99931e-06 0.000195947 0.000293354 0.000368949 0.000435857 0.000539537 0.000651616 0.00120607 2.30581e-05 1.70111e-05 2.81966e-05 1.99344e-05 3.66875e-05 9.99619e-06 0.0017003 0.00176544 9.99703e-06
2.01749e-05 1.91993e-05 1.00008e-05 1.00014e-05 9.99514e-06 9.99834e-06 9.99819e-06 1.00009e-05 9.99532e-06 9.99871e-06 9.99874e-06 9.99577e-06 9.99621e-06 9.9988e-06 0.266279 9.9963e-06 9.99935e-06 9.99859e-06 9.99717e-06 9.99993e-06 9.99686e-06 9.99738e-06 9.99959e-06 9.99855e-06 0.000147873 0.000235549 0.000309861 0.000370006 0.000418721 0.000464613 0.000529186 0.000650952 0.00166806 0.00335125 0.000265008 5.24867e-05 9.99912e-06 9.99856e-06 1.19059e-05 0.000150451 0.000237508 0.00031089 0.000380613 0.000531374 0.000660799 0.000766571 2.74426e-05 2.61987e-05 2.71665e-05 3.07718e-05 2.45935e-05 1.60053e-05 0.00169216 9.99505e-06 9.99515e-06
1.8624e-05 1.77073e-05 9.99984e-06 1.00009e-05 1.00011e-05 9.99909e-06 9.99843e-06 9.99532e-06 1.00013e-05 9.99594e-06 9.99888e-06 9.99322e-06 9.99859e-06 0.447247 9.99478e-06 9.99462e-06 9.9996e-06 9.9955e-06 9.99716e-06 9.99723e-06 9.99781e-06 9.99789e-06 9.99671e-06 9.99655e-06 9.9948e-06 0.000148168 0.000236786 0.000296773 0.000342455 0.000392163 0.000483093 0.000668736 0.00237306 0.00239227 0.000277203 8.18701e-05 9.99513e-06 1.26447e-05 1.40557e-05 1.4171e-05 0.000150468 0.000237153 0.000319034 0.000563003 0.000686139 4.59815e-05 2.75709e-05 4.07106e-05 4.22587e-05 3.30233e-05 1.61676e-05 0.00159299 1.00746 9.9979e-06 9.99672e-06
0.000229226 0.000220448 0.000175339 1.00034e-05 9.99931e-06 9.99923e-06 9.99895e-06 9.99586e-06 9.99898e-06 9.99606e-06 9.99589e-06 9.99869e-06 9.99529e-06 0.000235974 9.99483e-06 9.99776e-06 9.99929e-06 9.9979e-06 9.99637e-06 9.99703e-06 9.99855e-06 9.99765e-06 9.99891e-06 9.99625e-06 1.00008e-05 9.99888e-06 0.000150957 0.000204985 0.000247853 0.000312335 0.000456976 0.000742047 0.00205741 0.00227983 0.000286678 0.000127795 1.1694e-05 1.72885e-05 1.44818e-05 1.32897e-05 1.19878e-05 0.00014956 0.00025581 0.000668825 6.6629e-05 6.00075e-05 5.66105e-05 5.08117e-05 4.24365e-05 2.07185e-05 1.89906e-05 0.00711725 3.72948e-05 9.99756e-06 9.99635e-06
