test/known_good_answers/boscastle50m_72hr_u_flipped_lr/WaterDepths3600.asc
ncols	120
nrows	60
xllcorner	209000
yllcorner	89000
cellsize	50
NODATA_value	-9999
[rows 0 to 23 of 60, columns 55 to 109 of 120]
0.000344371 0.00035038 0.00035527 0.000359437 0.000363638 0.000367871 0.000372136 0.000376435 0.000380766 0.00038513 0.000390462 0.000395633 0.000400098 0.000927132 0.00171186 0.00288519 0.01 9.99741e-06 0.01 9.99811e-06 9.99923e-06 0.000198001 0.000315403 0.00046076 0.000827966 0.000922107 0.0050085 0.00100701 0.00111568 0.01 0.01 0.01 0.01 0.01 0.01 0.01 0.00999925 0.00999855 0.00999778 0.00999707 0.00999633 0.00999557 0.009994 0.00998996 0.00997471 0.00995192 0.0099238 0.00989042 0.00985103 0.0098045 0.0097457 0.00967158 0.00957915 0.00946484 0.00932399
9.88131e-324 2.41091e-08 9.59132e-09 9.88131e-324 9.88131e-324 9.88131e-324 9.88131e-324 9.99683e-06 9.99547e-06 9.99642e-06 1.29116e-08 9.9224e-09 9.88131e-324 0.00094632 0.00146161 0.00235708 8.56551e-05 9.99987e-06 9.99903e-06 9.99766e-06 9.99927e-06 9.9959e-06 9.99491e-06 0.000160823 0.000624195 0.0001445 1.59505e-05 2.50519e-05 2.04488e-06 2.29134e-06 7.39195e-07 4.17824e-07 1.06971e-05 1.49166e-05 2.65233e-05 1.41875e-05 1.2871e-10 9.88131e-324 9.88131e-324 9.88131e-324 9.88131e-324 3.13015e-07 5.29191e-07 1.21807e-06 5.23533e-07 2.88002e-07 2.3271e-07 2.27154e-07 2.35424e-07 3.99714e-07 4.26803e-07 4.27291e-07 4.24522e-07 4.27214e-07 4.55209e-07
0.000308476 0.000194199 0.000122487 0.000162154 0.000180428 0.000114588 7.2804e-05 4.63625e-05 2.96111e-05 1.89837e-05 1.00027e-05 0.000124335 0.00151876 0.0012865 0.0015859 0.000756817 0.000121307 9.99476e-06 9.99777e-06 9.99451e-06 9.99861e-06 9.99517e-06 9.99946e-06 7.90646e-05 0.000265797 2.51885e-05 3.05175e-05 2.74707e-05 0.00016835 0.000201174 0.000138606 9.47443e-05 0.00409308 0.00483422 0.00644803 0.00471451 9.99809e-06 9.99928e-06 9.99828e-06 9.99274e-06 9.99808e-06 0.000699817 0.00090997 0.00138067 0.000905085 0.000671245 0.00060336 0.000596108 0.000606861 0.000790773 0.000817137 0.000817605 0.000814957 0.000817542 0.000843918
2.96971e-05 0.000318409 0.000451931 0.00037459 0.000339189 0.000297844 0.000415978 0.000323043 0.000267872 0.000236224 0.000218256 0.00147214 0.00144128 0.000966987 0.000647524 0.000637206 6.75871e-05 9.99906e-06 9.99785e-06 9.99516e-06 9.99602e-06 9.99807e-06 9.99971e-06 0.000124245 7.91248e-05 5.18743e-05 3.46208e-05 2.33396e-05 0.000127814 8.15105e-05 5.19983e-05 3.32644e-05 0.000342678 0.000626141 0.0112702 2.16288e-05 9.99755e-06 9.9983e-06 9.9953e-06 9.99709e-06 9.99784e-06 9.99957e-06 9.99688e-06 0.000315403 9.99819e-06 0.000685572 0.000676534 0.000673927 9.9976e-06 0.0011073 0.00110293 0.00107781 0.0010064 0.00100523 0.00104945
9.99806e-06 9.99287e-06 4.34967e-05 0.000466855 0.000451373 0.000425749 0.000324899 0.000627048 0.00126303 0.00162611 0.00187507 0.00133528 0.00135518 0.000182674 9.99295e-06 9.99467e-06 9.99757e-06 9.99916e-06 9.99743e-06 9.99848e-06 9.99926e-06 9.9948e-06 9.99954e-06 9.99855e-06 9.99767e-06 1.0063e-05 9.99912e-06 1.00022e-05 9.99657e-06 1.00022e-05 9.99898e-06 9.99851e-06 0.000536305 0.000787859 0.00210899 3.35801e-05 9.99857e-06 9.995e-06 9.99316e-06 9.99587e-06 9.99455e-06 9.99757e-06 9.99458e-06 0.000198001 9.99832e-06 9.99676e-06 9.9991e-06 9.99915e-06 9.99854e-06 0.00124583 0.00124038 0.00120889 9.99589e-06 9.99316e-06 9.99631e-06
1.01426e-05 1.00006e-05 9.99625e-06 2.92521e-05 0.000531374 0.000811568 0.00098291 0.00111012 0.000779517 0.000579197 0.000439893 0.000562857 5.9942e-05 9.99859e-06 9.99299e-06 9.99909e-06 9.99979e-06 9.99558e-06 9.99581e-06 9.99596e-06 9.99734e-06 9.99505e-06 9.99708e-06 9.9955e-06 2.27243e-05 1.51802e-05 1.00048e-05 9.99993e-06 9.99642e-06 9.99308e-06 9.99309e-06 9.9956e-06 0.00084837 0.000941678 0.00171986 5.23797e-05 9.99983e-06 9.99966e-06 9.99433e-06 9.99721e-06 9.99866e-06 9.99831e-06 9.99857e-06 9.99996e-06 9.99142e-06 9.99512e-06 9.99748e-06 9.99645e-06 9.99435e-06 0.00130868 0.0013146 9.99449e-06 9.99841e-06 9.99721e-06 9.99435e-06
0.000128477 8.23909e-05 5.28937e-05 6.75682e-05 9.54345e-05 0.000147354 0.000315561 0.000265588 0.000236021 0.000219051 0.000141042 0.000141341 1.00003e-05 9.99497e-06 9.9988e-06 9.99617e-06 9.99553e-06 9.9951e-06 9.9949e-06 9.99908e-06 9.99645e-06 9.99993e-06 9.99847e-06 1.0001e-05 2.10992e-05 6.5886e-05 0.000140374 0.000170448 0.000333404 0.000489642 0.00127221 0.00172379 0.00129301 0.000968271 0.00114838 0.000738854 9.99829e-06 9.99476e-06 9.99721e-06 9.98932e-06 9.99811e-06 9.99861e-06 9.99503e-06 9.99886e-06 9.99316e-06 9.99587e-06 9.99454e-06 9.9989e-06 9.99753e-06 9.99983e-06 0.00134388 9.99841e-06 9.99517e-06 9.98932e-06 9.99721e-06
0.000168304 0.000315892 4.10523e-05 4.2302e-05 4.43966e-05 4.81279e-05 6.11265e-05 3.91173e-05 2.51389e-05 1.62436e-05 1.70694e-05 9.99909e-06 9.99981e-06 9.99927e-06 9.99676e-06 9.99716e-06 9.99905e-06 9.99678e-06 9.9977e-06 9.99503e-06 9.99875e-06 9.99753e-06 9.99464e-06 0.000124756 0.000359559 0.000565456 0.000823493 0.000923651 0.000954378 0.00130015 0.000997577 0.000810127 0.00069674 0.000488784 0.000362253 0.000383909 9.99534e-06 9.99923e-06 9.99435e-06 9.99517e-06 9.98932e-06 9.99721e-06 9.99465e-06 9.99788e-06 9.99721e-06 9.98932e-06 9.99742e-06 9.99951e-06 9.99445e-06 9.99611e-06 9.99878e-06 9.99721e-06 9.98932e-06 9.99517e-06 9.99841e-06
0.00018597 0.000498964 2.63526e-05 9.99477e-06 9.99589e-06 9.99353e-06 9.99476e-06 9.99879e-06 9.99868e-06 9.99771e-06 9.99365e-06 9.99757e-06 9.99757e-06 9.99435e-06 9.99602e-06 9.99591e-06 9.99931e-06 9.99481e-06 9.99671e-06 9.99842e-06 9.99919e-06 9.99802e-06 9.99512e-06 0.000124166 0.00019762 0.000259471 0.000314869 0.000578693 0.000809707 0.000641521 0.000557832 0.000514995 0.000489359 0.000695917 0.000480155 0.000742158 8.30691e-05 9.99636e-06 9.99861e-06 9.99825e-06 9.99471e-06 9.99805e-06 9.99838e-06 9.99509e-06 9.99822e-06 9.99742e-06 9.99685e-06 9.99923e-06 9.99209e-06 9.99028e-06 9.99577e-06 9.99402e-06 9.99438e-06 9.99605e-06 9.9975e-06
0.000538546 0.000366587 1.69892e-05 9.99501e-06 9.99965e-06 9.99859e-06 9.99932e-06 9.99463e-06 9.99907e-06 9.99885e-06 9.99727e-06 9.99151e-06 9.99151e-06 9.99727e-06 9.99785e-06 9.99443e-06 9.99591e-06 9.996e-06 9.9961e-06 9.99764e-06 9.99973e-06 9.99605e-06 9.99634e-06 9.99451e-06 0.000124166 0.00019762 0.000259471 0.00028131 0.00031862 0.000350755 0.000373988 0.000377663 0.000369745 0.00029251 0.000837177 0.00127857 0.00134841 9.99554e-06 9.9944e-06 9.99615e-06 9.99599e-06 9.99538e-06 9.99532e-06 9.99968e-06 9.99908e-06 9.99641e-06 9.99777e-06 9.99997e-06 9.99972e-06 9.99772e-06 9.99511e-06 9.9994e-06 9.99886e-06 9.99967e-06 9.99736e-06
0.000746473 0.000232993 1.09775e-05 1.00005e-05 9.99493e-06 9.99984e-06 9.99747e-06 9.99608e-06 9.99862e-06 9.99968e-06 9.99747e-06 9.99602e-06 9.99435e-06 9.99785e-06 9.99793e-06 9.99808e-06 9.99602e-06 9.99724e-06 9.99557e-06 9.99571e-06 9.99819e-06 9.99533e-06 9.99661e-06 9.99512e-06 9.99658e-06 0.000124166 0.00019762 0.000181939 0.000245232 0.000277699 0.000295029 0.000277275 0.000254195 0.000370845 0.000321282 0.000540204 0.0016606 0.00175366 0.0011345 0.0011397 9.997e-06 9.99998e-06 9.99459e-06 9.99445e-06 9.99758e-06 9.99636e-06 9.99494e-06 9.99482e-06 9.99699e-06 9.9961e-06 9.99667e-06 9.99791e-06 9.99992e-06 0.0596079 0.0596107
0.00053943 0.000148162 1.00029e-05 9.99765e-06 9.99534e-06 9.99989e-06 9.99899e-06 9.99458e-06 9.99875e-06 9.99741e-06 9.99892e-06 9.99822e-06 9.9959e-06 9.99602e-06 9.99435e-06 9.98932e-06 9.99435e-06 9.99916e-06 9.99547e-06 9.99478e-06 9.99571e-06 9.99826e-06 9.99576e-06 9.99682e-06 9.9962e-06 9.99433e-06 0.000124166 0.000162998 0.00018083 0.000189467 0.000193735 0.000122999 7.81247e-05 4.97321e-05 0.000134504 0.000167598 0.000183035 0.000190552 0.00124386 0.00196204 0.00193621 0.00029091 9.99939e-06 9.99449e-06 9.99652e-06 9.99378e-06 9.9999e-06 9.99909e-06 9.99989e-06 9.99923e-06 9.99637e-06 9.99889e-06 9.99927e-06 0.0596057 9.99884e-06
0.000357729 9.43708e-05 9.99606e-06 9.99578e-06 9.99554e-06 9.99485e-06 9.99816e-06 9.99938e-06 9.9979e-06 9.99827e-06 9.99513e-06 9.99748e-06 9.99752e-06 9.99494e-06 9.99602e-06 9.99641e-06 9.99859e-06 9.99435e-06 9.99916e-06 9.99547e-06 9.99557e-06 9.99848e-06 9.99901e-06 9.99724e-06 9.99516e-06 9.99861e-06 9.99751e-06 9.99825e-06 9.99492e-06 9.99866e-06 9.99494e-06 9.99528e-06 9.99714e-06 9.99911e-06 9.99612e-06 9.99736e-06 9.99926e-06 9.99874e-06 9.9946e-06 0.000124166 0.00200486 0.00214496 0.000124166 9.99558e-06 9.9923e-06 9.99955e-06 9.9999e-06 9.99943e-06 9.99631e-06 9.99606e-06 9.99958e-06 0.241698 9.99867e-06 9.99818e-06 9.99964e-06
0.00021633 0.000162412 0.000164806 9.99531e-06 9.99747e-06 9.99858e-06 9.99673e-06 9.99876e-06 9.99692e-06 9.99741e-06 9.99487e-06 9.99644e-06 9.99756e-06 9.99752e-06 9.9959e-06 9.99438e-06 9.9991e-06 9.99944e-06 9.99435e-06 9.99916e-06 9.99724e-06 9.99566e-06 9.99814e-06 9.99481e-06 9.99921e-06 9.99916e-06 9.99632e-06 9.9991e-06 9.99843e-06 9.99449e-06 9.9946e-06 9.9967e-06 9.99672e-06 9.9997e-06 9.99972e-06 9.99578e-06 9.99374e-06 9.99563e-06 9.99784e-06 9.99831e-06 9.99147e-06 0.0013787 0.00145763 9.99736e-06 9.99779e-06 9.99932e-06 9.99732e-06 9.99904e-06 0.000198001 0.240049 0.240037 9.99664e-06 9.99458e-06 9.99989e-06 9.99703e-06
0.000858634 0.0309811 2.02446 3.02446 9.99909e-06 9.99923e-06 9.99716e-06 9.99868e-06 9.998e-06 9.99536e-06 9.99797e-06 9.99591e-06 9.99759e-06 9.99909e-06 9.99687e-06 9.99918e-06 9.99438e-06 9.99733e-06 9.99334e-06 9.99435e-06 9.99602e-06 9.99747e-06 9.99956e-06 9.99831e-06 9.99752e-06 9.99536e-06 9.9951e-06 9.99426e-06 9.9961e-06 9.99548e-06 9.99933e-06 9.9919e-06 9.99338e-06 9.99185e-06 9.99835e-06 9.99663e-06 9.99646e-06 9.99921e-06 9.99536e-06 9.99947e-06 0.000124166 0.00091684 0.0012315 0.000810359 0.00112633 1.62943 2.62943 3.62943 9.99872e-06 9.99919e-06 9.99779e-06 9.9974e-06 9.99623e-06 9.99894e-06 9.99701e-06
1.03069 0.00700276 0.0244421 0.0114884 0.0431262 3.03348 3.03348 2.03348 0.000103569 0.000162998 0.000124166 9.99539e-06 9.99817e-06 9.99995e-06 9.99543e-06 9.99548e-06 9.99917e-06 9.99435e-06 9.98932e-06 9.99721e-06 9.99185e-06 9.99986e-06 9.99627e-06 9.995e-06 9.99777e-06 9.99887e-06 9.99884e-06 9.99818e-06 9.99811e-06 9.99933e-06 9.98932e-06 9.99487e-06 9.99438e-06 9.9998e-06 9.99889e-06 9.99978e-06 9.99953e-06 9.99676e-06 0.000198001 0.000315403 0.000459054 0.00118151 1.00975 1.00975 0.00252032 3.62943 1.62943 0.629434 9.99477e-06 9.99698e-06 9.99837e-06 9.99854e-06 9.99705e-06 9.99601e-06 9.99218e-06
0.00239016 9.99667e-06 9.99513e-06 9.99904e-06 9.99944e-06 9.9958e-06 0.000191635 0.0118194 0.0118974 1.0443 0.0342838 0.0121527 0.000124166 9.99839e-06 9.99979e-06 9.99558e-06 9.99725e-06 9.99602e-06 9.99581e-06 9.99383e-06 9.99435e-06 9.99602e-06 9.99989e-06 9.99779e-06 9.99685e-06 9.99786e-06 9.9985e-06 9.99626e-06 9.99808e-06 9.99869e-06 9.99938e-06 9.99821e-06 9.99946e-06 9.99815e-06 9.99737e-06 9.99879e-06 0.000259751 0.22074 9.99622e-06 9.99864e-06 9.99663e-06 9.99821e-06 9.99474e-06 9.99994e-06 9.99506e-06 9.99793e-06 9.99845e-06 0.00972683 9.99743e-06 9.99554e-06 9.99982e-06 9.99934e-06 9.99903e-06 9.99895e-06 9.99441e-06
9.99436e-06 9.99797e-06 9.99581e-06 9.99514e-06 9.99838e-06 9.99604e-06 0.000185229 0.000283103 0.000335377 0.000334394 0.000317875 0.109769 1.10928 3.10928 1.10928 9.99592e-06 9.99479e-06 9.99747e-06 9.99068e-06 9.99438e-06 9.99917e-06 9.99725e-06 9.99936e-06 9.9974e-06 9.99785e-06 9.99915e-06 9.99454e-06 9.99765e-06 9.99956e-06 9.99758e-06 9.99529e-06 9.99743e-06 9.99542e-06 9.99962e-06 0.000183343 0.25174 0.000124166 9.99751e-06 9.99642e-06 9.99625e-06 9.99606e-06 9.99577e-06 9.99907e-06 9.99799e-06 9.99938e-06 9.99226e-06 9.99639e-06 0.0096932 9.99504e-06 9.99589e-06 9.99591e-06 9.9947e-06 9.99497e-06 9.99925e-06 9.99921e-06
9.99647e-06 9.99787e-06 9.9984e-06 9.99944e-06 9.99541e-06 9.99615e-06 0.000172142 0.000260219 0.000280602 0.000220473 0.000179687 0.000153427 0.000385244 0.00141906 2.10928 3.10928 9.99786e-06 9.99714e-06 9.99316e-06 9.99992e-06 9.9968e-06 9.99968e-06 9.99495e-06 9.99799e-06 9.99518e-06 9.99978e-06 9.99725e-06 9.99685e-06 0.000219503 0.00222742 0.000348665 0.129272 1.12927 0.00059461 0.000181136 9.99583e-06 9.99786e-06 9.99968e-06 9.99649e-06 9.99784e-06 9.99635e-06 9.99971e-06 9.99884e-06 9.99602e-06 9.99579e-06 9.99771e-06 9.99964e-06 0.00965958 9.99579e-06 9.99824e-06 9.9964e-06 9.99452e-06 9.99336e-06 9.99578e-06 9.99877e-06
9.99651e-06 9.99496e-06 9.99612e-06 9.99324e-06 9.9998e-06 9.99844e-06 0.000144479 0.000223156 0.000179273 0.000147579 0.000131284 0.000122635 0.000556743 4.00876 9.48082e-05 4.10928 9.99433e-06 9.99512e-06 9.99535e-06 9.99581e-06 9.99888e-06 9.99614e-06 9.99781e-06 9.99723e-06 9.99877e-06 9.99459e-06 9.99485e-06 1.0904 5.97046e-05 1.37752e-05 9.99622e-06 9.99722e-06 1.39797e-05 0.000438423 0.000163633 9.99919e-06 9.99745e-06 9.99828e-06 9.99616e-06 9.99515e-06 9.99934e-06 9.99467e-06 9.99943e-06 9.99983e-06 9.99767e-06 9.99877e-06 9.99483e-06 0.00962597 9.99352e-06 9.99768e-06 9.99335e-06 9.99336e-06 9.99761e-06 9.99761e-06 9.99656e-06
9.99798e-06 9.99682e-06 9.99516e-06 9.99178e-06 9.99755e-06 9.99972e-06 7.90141e-05 0.000165839 0.0001265 0.000109961 0.00011208 0.000111945 0.000850227 0.00186778 1.00027e-05 9.99834e-06 0.244587 9.99906e-06 9.99436e-06 9.99505e-06 9.99839e-06 9.99291e-06 9.99649e-06 9.99694e-06 9.99725e-06 1.01459 4.01459 0.00411232 9.0315e-05 2.1241e-05 9.99913e-06 9.99611e-06 2.16134e-05 0.000259799 0.0001256 9.99819e-06 9.99612e-06 9.99898e-06 9.99485e-06 9.99856e-06 9.99612e-06 9.99857e-06 9.99964e-06 9.99821e-06 9.99501e-06 9.99842e-06 3.02336 0.00959237 9.99777e-06 9.99535e-06 9.99728e-06 9.99444e-06 9.99688e-06 9.99902e-06 9.99435e-06
9.99732e-06 9.9982e-06 9.99732e-06 9.99639e-06 9.99833e-06 9.99643e-06 0.000124166 8.57491e-05 7.71512e-05 9.03783e-05 0.000112619 0.000110222 0.00132463 0.00140669 1.04064e-05 1.00016e-05 9.99882e-06 9.99593e-06 0.000198488 0.000322773 0.00314333 0.000753768 0.00051757 0.00113286 0.0185135 1.01459 0.000329232 0.000271603 0.000136739 3.29023e-05 9.99925e-06 9.99648e-06 9.99594e-06 1.66247e-05 1.31007e-05 9.99823e-06 9.9952e-06 9.99815e-06 9.99596e-06 9.99775e-06 9.99889e-06 9.99374e-06 9.99274e-06 9.99458e-06 9.99742e-06 9.99719e-06 4.02336 0.00490498 9.9993e-06 9.99845e-06 9.99714e-06 9.99606e-06 9.99796e-06 9.99151e-06 9.99151e-06
9.99848e-06 9.99939e-06 9.99221e-06 9.99432e-06 9.99679e-06 9.99759e-06 9.99849e-06 3.21001e-05 6.66713e-05 0.00010138 0.000131393 0.000106215 0.0085556 0.000128997 2.12946e-05 9.99663e-06 9.99908e-06 9.99873e-06 9.9986e-06 3.25324e-05 0.000211252 0.000316323 0.00605661 1.00438 0.00317083 0.000264047 0.000278709 0.000274665 0.000206818 5.11688e-05 1.00019e-05 9.99946e-06 9.99614e-06 9.99931e-06 2.00287e-05 9.9957e-06 9.99443e-06 9.99998e-06 9.99469e-06 9.99643e-06 9.99808e-06 9.99791e-06 9.99989e-06 9.99754e-06 0.00592 0.0191514 0.00379286 0.02334 0.00178096 9.99825e-06 9.99948e-06 9.99749e-06 9.99747e-06 9.99794e-06 9.99966e-06
9.99759e-06 9.99683e-06 9.99618e-06 9.99583e-06 9.99865e-06 9.99491e-06 9.99687e-06 5.0296e-05 9.26825e-05 0.000129571 0.000156755 7.57838e-05 0.00198158 1.59641e-05 3.27796e-05 1.0002e-05 9.99916e-06 9.9986e-06 9.99865e-06 5.0694e-05 0.000215631 0.000306496 0.000330517 0.000361085 0.00290465 0.000108387 0.000156147 0.000222696 0.000198405 7.98624e-05 9.99553e-06 1.00015e-05 9.99903e-06 1.00016e-05 1.89153e-05 9.99946e-06 9.99865e-06 9.99361e-06 9.99671e-06 9.99316e-06 9.99858e-06 9.99811e-06 9.99461e-06 9.9976e-06 7.01962 0.00015517 1.64569e-05 0.00513221 0.00173084 0.00195771 0.000123539 9.99667e-06 9.99703e-06 9.99616e-06 9.99602e-06
