test/known_good_answers/boscastle50m_72hr_u_flipped_lr/WaterDepths3360.asc
ncols	120
nrows	60
xllcorner	209000
yllcorner	89000
cellsize	50
NODATA_value	-9999
[rows 0 to 23 of 60, columns 55 to 109 of 120]
0.000445268 0.00045318 0.000459701 0.000465325 0.000470993 0.000476705 0.000482461 0.000488261 0.000494105 0.000499993 0.000507048 0.00051395 0.000519976 0.00120608 0.0021008 0.00347677 0.01 1.00012e-05 0.01 9.99811e-06 9.99923e-06 0.00023595 0.00037609 0.000549688 0.00098861 0.00110154 0.0057487 0.00120689 0.00133728 0.01 0.01 0.01 0.01 0.01 0.01 0.01 0.01 0.01 0.01 0.01 0.01 0.01 0.01 0.01 0.00999859 0.00999383 0.00998579 0.0099741 0.0099579 0.00993597 0.00990266 0.00985418 0.00978674 0.0096965 0.00957816
9.88131e-324 3.41688e-08 1.36142e-08 9.88131e-324 9.88131e-324 9.88131e-324 9.88131e-324 9.99683e-06 9.99547e-06 9.99642e-06 1.70325e-08 1.40668e-08 9.88131e-324 0.00106394 0.00171649 0.0027925 0.000109674 1.14674e-05 9.99722e-06 9.99766e-06 9.99927e-06 9.9959e-06 9.99491e-06 0.000191621 0.000745022 0.000172244 1.93966e-05 3.07045e-05 2.66147e-06 2.97898e-06 9.65256e-07 5.47381e-07 1.40905e-05 1.96331e-05 3.48721e-05 1.87026e-05 2.23661e-10 9.88131e-324 9.88131e-324 9.88131e-324 9.88131e-324 4.25283e-07 7.06204e-07 1.60374e-06 7.07428e-07 4.22091e-07 3.56415e-07 3.51422e-07 3.65843e-07 6.19077e-07 6.52885e-07 6.51901e-07 6.29736e-07 6.29712e-07 6.50806e-07
0.000367094 0.000231205 0.000145939 0.000193165 0.000214956 0.00013671 8.70029e-05 5.5522e-05 3.55577e-05 2.28763e-05 1.12247e-05 0.000148023 0.00181715 0.00154076 0.0018962 0.000911164 0.000155108 9.99496e-06 9.99777e-06 9.99451e-06 9.99861e-06 9.99517e-06 9.99946e-06 9.43124e-05 0.000317071 3.0279e-05 3.7002e-05 3.35868e-05 0.000200816 0.000239924 0.00016561 0.000113445 0.00469837 0.00554707 0.00739516 0.00541392 9.99809e-06 9.99928e-06 9.99828e-06 9.99274e-06 9.99808e-06 0.000815782 0.00105129 0.0015844 0.00105219 0.000812672 0.000746746 0.000741492 0.000756554 0.000984198 0.00101073 0.00100997 0.000992678 0.000992662 0.00100918
3.77998e-05 0.000380267 0.000538729 0.000446619 0.000404437 0.000355201 0.000496003 0.000385296 0.000319517 0.000281741 0.000260274 0.00176183 0.00172382 0.00115964 0.000776428 0.000763404 8.60327e-05 1.00008e-05 9.99785e-06 9.99516e-06 9.99602e-06 9.99807e-06 9.99971e-06 0.00014795 9.43958e-05 6.22357e-05 4.20004e-05 2.86496e-05 0.000152443 9.74269e-05 6.23072e-05 3.99831e-05 0.00041053 0.000749489 0.0129155 2.78027e-05 9.99755e-06 9.9983e-06 9.9953e-06 9.99709e-06 9.99784e-06 9.99957e-06 9.99688e-06 0.00037609 9.99819e-06 0.000846361 0.000840289 0.000838592 9.9976e-06 0.0013835 0.00137652 0.00133875 0.00122607 0.00121761 0.00125324
9.99985e-06 9.99291e-06 5.50941e-05 0.000556977 0.000538522 0.000507984 0.000387884 0.000751832 0.00151072 0.00194516 0.00224364 0.00159782 0.00161886 0.000231409 9.99295e-06 9.99467e-06 9.99757e-06 9.99916e-06 9.99743e-06 9.99848e-06 9.99926e-06 9.9948e-06 9.99954e-06 9.99857e-06 9.99615e-06 1.29912e-05 1.17877e-05 1.00011e-05 9.99961e-06 1.0002e-05 9.99579e-06 9.99834e-06 0.000641958 0.000942841 0.00252482 4.30109e-05 9.99857e-06 9.995e-06 9.99316e-06 9.99587e-06 9.99455e-06 9.99757e-06 9.99458e-06 0.00023595 9.99832e-06 9.99676e-06 9.9991e-06 9.99915e-06 9.99854e-06 0.00156121 0.00155383 0.00151167 9.99589e-06 9.99316e-06 9.99631e-06
1.25544e-05 1.00013e-05 9.99965e-06 3.70699e-05 0.000633725 0.000966722 0.00116984 0.00132304 0.000930381 0.000692009 0.000525993 0.000672656 7.64274e-05 1.00005e-05 9.99299e-06 9.99909e-06 9.99979e-06 9.99558e-06 9.99581e-06 9.99596e-06 9.99734e-06 9.99505e-06 9.99708e-06 9.99585e-06 2.89383e-05 1.94799e-05 1.00053e-05 9.99713e-06 1.00019e-05 9.99874e-06 9.99309e-06 9.99846e-06 0.00101485 0.0011266 0.00205758 6.69019e-05 9.99983e-06 9.99966e-06 9.99433e-06 9.99721e-06 9.99866e-06 9.99831e-06 9.99857e-06 9.99996e-06 9.99142e-06 9.99512e-06 9.99748e-06 9.99645e-06 9.99435e-06 0.00164226 0.00164987 9.99449e-06 9.99841e-06 9.99721e-06 9.99435e-06
0.000153198 9.84616e-05 6.33801e-05 8.26131e-05 0.000118431 0.000184331 0.000385759 0.000322573 0.000284948 0.000263223 0.00017001 0.000170633 1.26205e-05 9.99497e-06 9.9988e-06 9.99617e-06 9.99553e-06 9.9951e-06 9.9949e-06 9.99908e-06 9.99645e-06 9.99993e-06 9.99847e-06 1.00006e-05 2.66983e-05 8.32035e-05 0.000168921 0.000203867 0.000401964 0.000593494 0.00152322 0.00206223 0.00154649 0.00115813 0.00137178 0.00088728 9.99829e-06 9.99476e-06 9.99721e-06 9.98932e-06 9.99811e-06 9.99861e-06 9.99503e-06 9.99886e-06 9.99316e-06 9.99587e-06 9.99454e-06 9.9989e-06 9.99753e-06 9.99983e-06 0.00168764 9.99841e-06 9.99517e-06 9.98932e-06 9.99721e-06
0.000200727 0.0003764 4.99843e-05 5.17826e-05 5.48048e-05 6.0177e-05 7.76995e-05 4.9875e-05 3.21778e-05 2.08966e-05 2.218e-05 9.99994e-06 9.99981e-06 9.99927e-06 9.99676e-06 9.99716e-06 9.99905e-06 9.99678e-06 9.9977e-06 9.99503e-06 9.99875e-06 9.99753e-06 9.99464e-06 0.00014879 0.00042811 0.000672859 0.000982022 0.00110077 0.00113507 0.00154702 0.00118861 0.000966247 0.000831558 0.000584076 0.000433077 0.000461924 9.99534e-06 9.99923e-06 9.99435e-06 9.99517e-06 9.98932e-06 9.99721e-06 9.99465e-06 9.99788e-06 9.99721e-06 9.98932e-06 9.99742e-06 9.99951e-06 9.99445e-06 9.99611e-06 9.99878e-06 9.99721e-06 9.98932e-06 9.99517e-06 9.99841e-06
0.00022182 0.000595358 3.21969e-05 9.99752e-06 9.99589e-06 9.99353e-06 9.99476e-06 9.99879e-06 9.99868e-06 9.99771e-06 9.99365e-06 9.99757e-06 9.99757e-06 9.99435e-06 9.99602e-06 9.99591e-06 9.99931e-06 9.99481e-06 9.99671e-06 9.99842e-06 9.99919e-06 9.99802e-06 9.99512e-06 0.000147845 0.000235408 0.000309194 0.000375326 0.000692513 0.000969226 0.000767331 0.0006667 0.000615151 0.000584336 0.000830273 0.000572719 0.000886736 0.000105419 9.99636e-06 9.99861e-06 9.99825e-06 9.99471e-06 9.99805e-06 9.99838e-06 9.99509e-06 9.99822e-06 9.99742e-06 9.99685e-06 9.99923e-06 9.99209e-06 9.99028e-06 9.99577e-06 9.99402e-06 9.99438e-06 9.99605e-06 9.9975e-06
0.000643093 0.000437508 2.08481e-05 9.99798e-06 9.99965e-06 9.99859e-06 9.99932e-06 9.99463e-06 9.99907e-06 9.99885e-06 9.99727e-06 9.99151e-06 9.99151e-06 9.99727e-06 9.99785e-06 9.99443e-06 9.99591e-06 9.996e-06 9.9961e-06 9.99764e-06 9.99973e-06 9.99605e-06 9.99634e-06 9.99451e-06 0.000147845 0.000235408 0.000309194 0.000335365 0.000379909 0.000418279 0.000446035 0.000450483 0.000441091 0.000349129 0.000999319 0.00152432 0.00161023 9.99554e-06 9.9944e-06 9.99615e-06 9.99599e-06 9.99538e-06 9.99532e-06 9.99968e-06 9.99908e-06 9.99641e-06 9.99777e-06 9.99997e-06 9.99972e-06 9.99772e-06 9.99511e-06 9.9994e-06 9.99886e-06 9.99967e-06 9.99736e-06
0.000891815 0.000278388 1.354e-05 9.99719e-06 9.99493e-06 9.99984e-06 9.99747e-06 9.99608e-06 9.99862e-06 9.99968e-06 9.99747e-06 9.99602e-06 9.99435e-06 9.99785e-06 9.99793e-06 9.99808e-06 9.99602e-06 9.99724e-06 9.99557e-06 9.99571e-06 9.99819e-06 9.99533e-06 9.99661e-06 9.99512e-06 9.99658e-06 0.000147845 0.000235408 0.000216963 0.000292318 0.000331032 0.000351718 0.000330632 0.00030316 0.000442209 0.000383132 0.000649863 0.00198668 0.00209868 0.00135797 0.00136537 9.997e-06 9.99998e-06 9.99459e-06 9.99445e-06 9.99758e-06 9.99636e-06 9.99494e-06 9.99482e-06 9.99699e-06 9.9961e-06 9.99667e-06 9.99791e-06 9.99992e-06 0.0588578 0.0588604
0.000644593 0.000177266 1.00016e-05 9.99757e-06 9.99534e-06 9.99989e-06 9.99899e-06 9.99458e-06 9.99875e-06 9.99741e-06 9.99892e-06 9.99822e-06 9.9959e-06 9.99602e-06 9.99435e-06 9.98932e-06 9.99435e-06 9.99916e-06 9.99547e-06 9.99478e-06 9.99571e-06 9.99826e-06 9.99576e-06 9.99682e-06 9.9962e-06 9.99433e-06 0.000147845 0.00019414 0.00021542 0.000225737 0.00023084 0.000146756 9.33631e-05 5.95537e-05 0.000160273 0.000199676 0.000218077 0.000227045 0.00148907 0.00235044 0.00231307 0.000368155 9.99939e-06 9.99449e-06 9.99652e-06 9.99378e-06 9.9999e-06 9.99909e-06 9.99989e-06 9.99923e-06 9.99637e-06 9.99889e-06 9.99927e-06 0.058853 9.99884e-06
0.000427888 0.000113094 9.99894e-06 9.99587e-06 9.99554e-06 9.99485e-06 9.99816e-06 9.99938e-06 9.9979e-06 9.99827e-06 9.99513e-06 9.99748e-06 9.99752e-06 9.99494e-06 9.99602e-06 9.99641e-06 9.99859e-06 9.99435e-06 9.99916e-06 9.99547e-06 9.99557e-06 9.99848e-06 9.99901e-06 9.99724e-06 9.99516e-06 9.99861e-06 9.99751e-06 9.99825e-06 9.99492e-06 9.99866e-06 9.99494e-06 9.99528e-06 9.99714e-06 9.99911e-06 9.99612e-06 9.99736e-06 9.99926e-06 9.99874e-06 9.9946e-06 0.000147845 0.00239616 0.0025724 0.000147845 9.99558e-06 9.9923e-06 9.99955e-06 9.9999e-06 9.99943e-06 9.99631e-06 9.99606e-06 9.99958e-06 0.239445 9.99867e-06 9.99818e-06 9.99964e-06
0.00025848 0.000194418 0.000197766 9.99815e-06 9.99747e-06 9.99858e-06 9.99673e-06 9.99876e-06 9.99692e-06 9.99741e-06 9.99487e-06 9.99644e-06 9.99756e-06 9.99752e-06 9.9959e-06 9.99438e-06 9.9991e-06 9.99944e-06 9.99435e-06 9.99916e-06 9.99724e-06 9.99566e-06 9.99814e-06 9.99481e-06 9.99921e-06 9.99916e-06 9.99632e-06 9.9991e-06 9.99843e-06 9.99449e-06 9.9946e-06 9.9967e-06 9.99672e-06 9.9997e-06 9.99972e-06 9.99578e-06 9.99374e-06 9.99563e-06 9.99784e-06 9.99831e-06 9.99147e-06 0.00165371 0.00174868 9.99736e-06 9.99779e-06 9.99932e-06 9.99732e-06 9.99904e-06 0.00023595 0.236649 0.23664 9.99664e-06 9.99458e-06 9.99989e-06 9.99703e-06
0.00102766 0.0359 2.02848 3.02848 9.99909e-06 9.99923e-06 9.99716e-06 9.99868e-06 9.998e-06 9.99536e-06 9.99797e-06 9.99591e-06 9.99759e-06 9.99909e-06 9.99687e-06 9.99918e-06 9.99438e-06 9.99733e-06 9.99334e-06 9.99435e-06 9.99602e-06 9.99747e-06 9.99956e-06 9.99831e-06 9.99752e-06 9.99536e-06 9.9951e-06 9.99426e-06 9.9961e-06 9.99548e-06 9.99933e-06 9.9919e-06 9.99338e-06 9.99185e-06 9.99835e-06 9.99663e-06 9.99646e-06 9.99921e-06 9.99536e-06 9.99947e-06 0.000147845 0.00109959 0.00147746 0.000972195 0.00121445 1.47554 2.47554 3.47554 9.99872e-06 9.99919e-06 9.99779e-06 9.9974e-06 9.99623e-06 9.99894e-06 9.99701e-06
1.0355 0.00846709 0.028464 0.0139124 0.049967 3.03893 3.03893 2.03893 0.000123541 0.00019414 0.000147845 9.99539e-06 9.99817e-06 9.99995e-06 9.99543e-06 9.99548e-06 9.99917e-06 9.99435e-06 9.98932e-06 9.99721e-06 9.99185e-06 9.99986e-06 9.99627e-06 9.995e-06 9.99777e-06 9.99887e-06 9.99884e-06 9.99818e-06 9.99811e-06 9.99933e-06 9.98932e-06 9.99487e-06 9.99438e-06 9.9998e-06 9.99889e-06 9.99978e-06 9.99953e-06 9.99676e-06 0.00023595 0.00037609 0.000547605 0.00141555 1.01116 1.01116 0.00276375 3.47554 1.47554 0.475542 9.99477e-06 9.99698e-06 9.99837e-06 9.99854e-06 9.99705e-06 9.99601e-06 9.99218e-06
0.00303252 9.99667e-06 9.99513e-06 9.99904e-06 9.99944e-06 9.99866e-06 0.000228335 0.0143425 0.0144393 1.05138 0.0399066 0.0147642 0.000147845 9.99839e-06 9.99979e-06 9.99558e-06 9.99725e-06 9.99602e-06 9.99581e-06 9.99383e-06 9.99435e-06 9.99602e-06 9.99989e-06 9.99779e-06 9.99685e-06 9.99786e-06 9.9985e-06 9.99626e-06 9.99808e-06 9.99869e-06 9.99938e-06 9.99821e-06 9.99946e-06 9.99815e-06 9.99737e-06 9.99879e-06 0.000309594 0.215045 9.99622e-06 9.99864e-06 9.99663e-06 9.99821e-06 9.99474e-06 9.99994e-06 9.99506e-06 9.99793e-06 9.99845e-06 0.0117459 9.99743e-06 9.99554e-06 9.99982e-06 9.99934e-06 9.99903e-06 9.99895e-06 9.99441e-06
9.99723e-06 9.99797e-06 9.99581e-06 9.99514e-06 9.99551e-06 9.9989e-06 0.000220688 0.000337468 0.000399965 0.000399063 0.00037963 0.0247014 0.917733 2.91773 0.917731 9.99592e-06 9.99479e-06 9.99747e-06 9.99068e-06 9.99438e-06 9.99917e-06 9.99725e-06 9.99936e-06 9.9974e-06 9.99785e-06 9.99915e-06 9.99454e-06 9.99765e-06 9.99956e-06 9.99758e-06 9.99529e-06 9.99743e-06 9.99542e-06 9.99962e-06 0.000219017 0.246307 0.000147845 9.99751e-06 9.99642e-06 9.99625e-06 9.99606e-06 9.99577e-06 9.99907e-06 9.99799e-06 9.99938e-06 9.99226e-06 9.99639e-06 0.0117022 9.99504e-06 9.99589e-06 9.99591e-06 9.9947e-06 9.99497e-06 9.99925e-06 9.99921e-06
9.99933e-06 9.995e-06 9.99554e-06 9.99657e-06 9.99827e-06 9.99615e-06 0.000205079 0.000310156 0.000334663 0.000263462 0.000215233 0.000184272 0.000462849 0.00170529 1.91773 2.91773 9.99786e-06 9.99714e-06 9.99316e-06 9.99992e-06 9.9968e-06 9.99968e-06 9.99495e-06 9.99799e-06 9.99518e-06 9.99978e-06 9.99725e-06 9.99685e-06 0.00026194 0.00255792 0.000418803 0.118344 1.11834 0.000710663 0.000215901 9.9987e-06 9.99786e-06 9.99968e-06 9.99649e-06 9.99784e-06 9.99635e-06 9.99971e-06 9.99884e-06 9.99602e-06 9.99579e-06 9.99771e-06 9.99964e-06 0.0116585 9.99579e-06 9.99824e-06 9.9964e-06 9.99452e-06 9.99336e-06 9.99578e-06 9.99877e-06
9.99938e-06 9.99496e-06 9.99612e-06 9.99897e-06 9.99981e-06 9.99844e-06 0.000172119 0.000265958 0.000214055 0.000176618 0.000157529 0.000147508 0.000668359 4.01007 0.000112862 3.91773 9.99433e-06 9.99512e-06 9.99535e-06 9.99581e-06 9.99888e-06 9.99614e-06 9.99781e-06 9.99723e-06 9.99877e-06 9.99459e-06 9.99485e-06 0.869703 7.17181e-05 1.68035e-05 9.99616e-06 9.99941e-06 1.79863e-05 0.000524128 0.000195133 9.99919e-06 9.99745e-06 9.99828e-06 9.99616e-06 9.99515e-06 9.99934e-06 9.99467e-06 9.99943e-06 9.99983e-06 9.99767e-06 9.99877e-06 9.99483e-06 0.0116149 9.99352e-06 9.99768e-06 9.99335e-06 9.99336e-06 9.99761e-06 9.99761e-06 9.99656e-06
9.99511e-06 9.99968e-06 9.99803e-06 9.99751e-06 9.99755e-06 9.99972e-06 9.42459e-05 0.000197662 0.00015114 0.000131753 0.000134592 0.000134654 0.00101991 0.00224085 1.00003e-05 1.00016e-05 0.242306 9.99879e-06 9.99436e-06 9.99505e-06 9.99839e-06 9.99291e-06 9.99649e-06 9.99694e-06 9.99725e-06 1.01684 4.01684 0.00495055 0.000108144 2.57081e-05 9.99899e-06 9.99319e-06 2.76618e-05 0.00031073 0.000150073 9.99819e-06 9.99612e-06 9.99898e-06 9.99485e-06 9.99856e-06 9.99612e-06 9.99857e-06 9.99964e-06 9.99821e-06 9.99501e-06 9.99842e-06 3.02709 0.0115713 9.99777e-06 9.99535e-06 9.99728e-06 9.99444e-06 9.99688e-06 9.99902e-06 9.99435e-06
9.99732e-06 9.9982e-06 9.99732e-06 9.99925e-06 9.99833e-06 9.99643e-06 0.000147845 0.000102346 9.23696e-05 0.000108404 0.000135163 0.000132431 0.00158808 0.00168679 1.26833e-05 1.00037e-05 1.00048e-05 9.99858e-06 0.000236564 0.000384991 0.00360936 0.000901585 0.000619038 0.00136659 0.0212986 1.01684 0.000392772 0.000323986 0.000163349 3.96022e-05 1.00021e-05 9.99634e-06 9.99877e-06 2.38607e-05 1.85599e-05 9.99536e-06 9.9952e-06 9.99815e-06 9.99596e-06 9.99775e-06 9.99889e-06 9.99374e-06 9.99274e-06 9.99458e-06 9.99742e-06 9.99719e-06 4.02709 0.00590425 9.9993e-06 9.99845e-06 9.99714e-06 9.99606e-06 9.99796e-06 9.99151e-06 9.99151e-06
9.99848e-06 9.99939e-06 9.99221e-06 9.99718e-06 9.99679e-06 9.99473e-06 9.99848e-06 3.84627e-05 7.98628e-05 0.000121439 0.00015741 0.000127396 0.00981918 0.000153771 2.58504e-05 9.9963e-06 9.99619e-06 9.99873e-06 1.00015e-05 3.90114e-05 0.000251854 0.000377246 0.00697086 1.00508 0.00379795 0.000315081 0.000332468 0.000327521 0.000246601 6.13399e-05 1.00019e-05 9.99397e-06 9.99894e-06 9.99988e-06 2.80886e-05 9.99856e-06 9.99443e-06 9.99998e-06 9.99469e-06 9.99643e-06 9.99808e-06 9.99791e-06 9.99989e-06 9.99754e-06 0.00714899 0.0221335 0.00458361 0.0268983 0.00213339 1.00028e-05 1.04047e-05 9.99749e-06 9.99747e-06 9.99794e-06 9.99966e-06
9.99759e-06 9.99683e-06 9.99618e-06 9.99869e-06 9.99865e-06 9.99778e-06 9.99687e-06 6.0109e-05 0.000110779 0.000154905 0.000187449 9.07219e-05 0.00237168 1.93475e-05 3.95996e-05 9.99892e-06 1.00019e-05 9.99589e-06 9.99874e-06 6.06133e-05 0.000257055 0.000365505 0.000394469 0.000431518 0.00348232 0.000129716 0.000186485 0.000265519 0.000236514 9.54306e-05 9.99606e-06 1.00022e-05 9.99913e-06 9.9985e-06 2.61528e-05 9.99948e-06 9.99865e-06 9.99361e-06 9.99671e-06 9.99316e-06 9.99858e-06 9.99811e-06 9.99461e-06 9.9976e-06 7.02271 0.000185039 2.08195e-05 0.00616041 0.00207241 0.00234339 0.000147026 9.99667e-06 9.99703e-06 9.99616e-06 9.99602e-06
