test/known_good_answers/boscastle50m_72hr_u_flipped_lr/WaterDepths3360.asc
ncols	120
nrows	60
xllcorner	209000
yllcorner	89000
cellsize	50
NODATA_value	-9999
[rows 24 to 47 of 60, columns 55 to 109 of 120]
9.99783e-06 9.99957e-06 9.99689e-06 9.99943e-06 9.99621e-06 9.99531e-06 9.9983e-06 9.42515e-05 0.000149859 0.000191308 0.00021496 0.000429535 0.00230006 0.000231661 6.04421e-05 1.0003e-05 9.99663e-06 9.99883e-06 9.99605e-06 9.47864e-05 0.000257859 0.000337048 0.000292969 0.000345263 0.00331047 5.16399e-05 7.93088e-05 0.000124183 0.000194787 0.000148766 9.99906e-06 9.99878e-06 1.00024e-05 1.00003e-05 2.27452e-05 9.99745e-06 9.99532e-06 9.99409e-06 9.99433e-06 9.99628e-06 9.99474e-06 9.99504e-06 9.99764e-06 9.99642e-06 1.02271 0.000120886 0.000448174 0.00528038 0.00171605 0.00225944 0.00306947 0.00231953 0.00138799 4.90807e-05 7.64891e-05
9.99768e-06 9.99919e-06 9.99496e-06 9.99696e-06 9.99595e-06 9.99924e-06 9.99479e-06 0.000147855 0.000194158 0.000225961 0.000234432 0.000113521 0.00206224 0.000203518 9.27437e-05 1.28927e-05 1.03805e-05 9.99659e-06 9.99939e-06 0.000148537 0.000240457 0.000275655 0.000241354 0.00039052 0.00317815 1.00047e-05 9.99584e-06 9.9987e-06 9.99592e-06 9.99884e-06 1.00048e-05 1.0001e-05 1.13369e-05 1.0178e-05 1.86756e-05 9.99933e-06 9.99532e-06 9.99578e-06 9.99601e-06 9.99495e-06 9.99921e-06 9.999e-06 9.9982e-06 0.00690988 0.00696039 5.46113e-05 0.000282263 0.00446147 0.000980912 0.00118 0.001395 0.00145962 0.00130988 0.00126569 0.000648734
9.99807e-06 9.99412e-06 9.99791e-06 9.99933e-06 9.99892e-06 9.99461e-06 9.99587e-06 9.99527e-06 9.99463e-06 6.01734e-05 2.92724e-05 7.84673e-05 0.00193907 0.000286743 0.000143181 1.44706e-05 1.59295e-05 9.99996e-06 9.99472e-06 1.00016e-05 0.000159642 0.000147421 0.000200817 0.000511638 0.00303199 1.085e-05 9.99572e-06 1.00013e-05 9.9955e-06 1.0004e-05 9.99545e-06 1.00003e-05 1.72723e-05 1.54165e-05 1.16762e-05 1.278e-05 1.00039e-05 9.99631e-06 9.99877e-06 9.99828e-06 9.99838e-06 9.99855e-06 0.00681344 0.00686472 4.13555e-05 0.000112609 0.000309441 0.00404903 0.000663087 0.000856424 0.00125537 0.00153508 0.00128106 0.000837322 0.000456338
9.99699e-06 9.99738e-06 9.99935e-06 9.99943e-06 9.99728e-06 9.99966e-06 9.99835e-06 9.99846e-06 9.99535e-06 9.43177e-05 0.000317838 0.000664431 0.00178985 0.000396899 0.00022303 1.20961e-05 2.4679e-05 9.99543e-06 9.99598e-06 1.34641e-05 5.52621e-05 0.00013189 0.000245384 0.000740258 0.00283451 1.58696e-05 1.00043e-05 9.99545e-06 1.00014e-05 9.99557e-06 9.99796e-06 1.10499e-05 2.49638e-05 1.22949e-05 1.00039e-05 9.99446e-06 9.9956e-06 1.00039e-05 9.99524e-06 9.99897e-06 0.000148029 0.00671764 0.00676824 6.2227e-05 8.5176e-05 0.00016356 0.000331912 0.00375802 0.000428809 0.000150447 0.000852445 0.00170563 0.00159249 0.00106816 0.000528652
9.99542e-06 9.99616e-06 9.99239e-06 9.99658e-06 9.99661e-06 9.99696e-06 9.99852e-06 9.99531e-06 9.99612e-06 0.000147918 9.63365e-05 0.000366175 0.00129494 0.000426737 0.000349988 0.000241767 3.8473e-05 9.99819e-06 9.99605e-06 2.07183e-05 8.29895e-05 0.000188134 0.000333958 0.00102199 0.00251755 2.39737e-05 9.99833e-06 9.99848e-06 9.9965e-06 9.99911e-06 9.99791e-06 1.68511e-05 3.46205e-05 0.000313789 0.000328648 0.000284499 0.000261283 0.000249154 0.000242855 0.000239545 0.00661029 0.00665766 3.11364e-05 3.16109e-05 0.000175971 0.000223937 0.000342966 0.00354179 0.000629328 0.000194433 0.000714393 0.000320743 0.00198114 0.00142516 0.00056125
9.99987e-06 9.9956e-06 9.99856e-06 9.99632e-06 9.99932e-06 9.996e-06 9.99552e-06 9.99576e-06 9.99765e-06 9.99941e-06 0.000233415 0.00044566 0.000896224 0.000379714 0.000318391 0.000226238 6.01183e-05 9.99569e-06 9.99703e-06 3.21255e-05 0.000124778 0.000266531 0.000449201 0.00145319 0.00199687 3.67883e-05 9.99827e-06 9.99557e-06 9.99595e-06 1.00018e-05 1.0573e-05 2.36371e-05 4.74099e-05 0.000140422 0.000556184 0.00105507 0.00150688 0.00253326 0.00465744 0.00645851 0.00651951 1.92652e-05 2.95253e-05 4.5454e-05 0.00027863 0.00026431 0.000319055 0.0032355 0.000936662 0.000402572 0.00036089 0.000196646 0.00107654 0.00201342 0.000566852
9.99923e-06 9.99867e-06 9.99181e-06 9.99496e-06 9.99789e-06 9.99861e-06 9.99754e-06 9.99789e-06 9.99575e-06 9.99601e-06 9.99893e-06 0.000511307 0.000337187 0.000309574 0.000264709 0.000194777 9.42456e-05 9.99878e-06 9.9955e-06 5.02337e-05 0.000187628 0.000373705 0.000494824 0.00211547 0.000954029 5.69591e-05 9.99854e-06 9.99558e-06 9.99914e-06 9.9973e-06 1.52409e-05 3.27247e-05 6.48775e-05 0.000206166 0.000400359 0.000537845 0.000634638 0.00154548 0.00320697 0.0136832 0.000147926 9.99519e-06 9.99779e-06 9.36644e-05 0.000306253 4.58792e-05 0.000228221 0.0027619 0.00127321 0.000437901 0.00037587 0.000279094 0.00085 0.00180387 0.00054867
9.9996e-06 9.99631e-06 9.99537e-06 9.99801e-06 9.99467e-06 9.9948e-06 9.99529e-06 9.99571e-06 9.99513e-06 9.99493e-06 0.484159 0.000140334 0.000220687 0.000205078 0.000172119 9.42456e-05 0.000147844 9.99507e-06 9.99538e-06 7.86634e-05 0.00028151 0.000407189 0.000497205 0.00140452 0.00144064 8.8785e-05 9.99598e-06 1.00045e-05 9.99632e-06 1.00035e-05 2.12232e-05 4.52203e-05 8.88617e-05 0.000305131 0.000445111 0.000559064 0.000628511 0.00217614 0.015404 0.000147849 9.99763e-06 9.99451e-06 9.99973e-06 0.000147887 9.54463e-05 6.17329e-05 0.000206267 0.0020362 0.00182193 0.000378014 0.000338904 0.000286486 0.00129521 0.00106763 0.000294
9.99704e-06 9.99641e-06 9.99757e-06 9.99722e-06 9.99511e-06 9.99765e-06 9.99836e-06 9.99494e-06 9.99815e-06 9.99644e-06 0.000235964 9.99678e-06 9.99808e-06 9.99532e-06 9.99585e-06 9.99885e-06 9.99789e-06 9.995e-06 9.99202e-06 0.000123541 0.000296753 0.000401062 0.00047195 0.00111264 0.00136328 0.000139012 1.00018e-05 9.99595e-06 9.99812e-06 1.41555e-05 2.90912e-05 6.26644e-05 0.000121806 0.000336681 0.000456734 0.000562007 0.000596021 0.00322422 0.00327716 9.99766e-06 9.99689e-06 9.99876e-06 9.99934e-06 0.00023264 1.16006e-05 9.99795e-06 0.000149295 0.000365312 0.00274855 0.000284345 0.00025091 0.000491941 0.00114673 0.000854277 0.000318463
9.99891e-06 9.99545e-06 9.9961e-06 9.99447e-06 9.99606e-06 9.99449e-06 1.00016e-05 9.99547e-06 9.99531e-06 0.168443 9.99531e-06 9.99742e-06 9.99623e-06 9.9998e-06 9.99522e-06 9.99557e-06 9.99775e-06 9.99792e-06 9.99516e-06 0.000194139 0.000300548 0.000375466 0.000425501 0.00153428 0.00038739 0.000218053 1.00017e-05 1.0001e-05 1.12477e-05 1.89981e-05 3.98075e-05 8.7328e-05 0.000166917 0.000378297 0.00045359 0.000557758 0.000525736 1.01656 9.99583e-06 9.99519e-06 9.99552e-06 9.99531e-06 9.99875e-06 9.99876e-06 9.99468e-06 9.99929e-06 1.02406e-05 0.000415652 0.00253918 0.000312772 0.000387436 0.000331571 0.00111634 0.000595441 0.000564409
9.99642e-06 9.99475e-06 9.9987e-06 9.99455e-06 9.99483e-06 9.99758e-06 9.99928e-06 9.9986e-06 0.15193 9.99541e-06 9.99526e-06 9.99869e-06 9.99921e-06 9.99635e-06 9.99893e-06 9.99883e-06 9.99468e-06 9.99969e-06 9.99469e-06 0.000147844 0.000254848 0.000318022 0.000351692 0.00116338 0.000411818 0.000198766 1.00017e-05 9.99801e-06 1.728e-05 2.45463e-05 5.49313e-05 0.000122453 0.000228251 0.000429292 0.000519027 0.000648477 0.000487836 0.00475417 1.00014e-05 9.99962e-06 9.99931e-06 9.9971e-06 9.99805e-06 9.9967e-06 9.99747e-06 9.99625e-06 1.5715e-05 0.000559665 0.0022907 0.000223275 0.000313016 0.000363979 0.00109244 0.000455024 0.000461781
9.99639e-06 9.99929e-06 9.99488e-06 9.99527e-06 9.99494e-06 9.99555e-06 1.00012e-05 3.21046e-05 3.15193 9.99643e-06 9.9961e-06 9.99993e-06 9.99946e-06 9.99531e-06 9.99876e-06 9.99568e-06 9.99623e-06 9.99655e-06 9.99742e-06 9.99652e-06 0.000194139 0.000235838 0.000245955 0.000756804 0.00047134 0.000156921 1.00018e-05 1.67774e-05 2.36847e-05 2.99057e-05 7.70331e-05 0.000172589 0.00031069 0.000484451 0.000596967 0.000673155 0.0011227 0.00460077 9.99808e-06 9.9991e-06 9.99808e-06 9.99677e-06 9.99934e-06 9.99705e-06 9.99616e-06 9.99897e-06 2.42978e-05 0.00080177 0.00199074 0.000104025 6.15946e-05 0.000427814 0.000829744 0.000626732 0.000239174
9.99975e-06 9.99794e-06 9.99848e-06 9.99934e-06 9.99537e-06 9.99524e-06 1.38439e-05 2.65728e-05 0.00181785 9.99709e-06 9.99876e-06 9.99689e-06 9.99701e-06 9.99525e-06 9.99446e-06 9.998e-06 9.99799e-06 9.99708e-06 9.99529e-06 9.99976e-06 0.000147844 9.42456e-05 6.01042e-05 0.000205198 0.000602941 4.54695e-05 1.43029e-05 2.60019e-05 2.87898e-05 3.44826e-05 0.000110789 0.000243907 0.000419349 0.000528709 0.000602128 0.00065046 0.000676643 0.00417249 1.00028e-05 1.00016e-05 9.99641e-06 9.99891e-06 9.99833e-06 9.9986e-06 9.9974e-06 9.99845e-06 3.77869e-05 0.00119872 0.00154803 0.000137237 7.94196e-05 0.000281628 0.000767521 0.000392029 0.000242254
9.99887e-06 9.99788e-06 9.9985e-06 9.99817e-06 9.99875e-06 9.99851e-06 2.11655e-05 3.57927e-05 0.00175114 9.99666e-06 9.9951e-06 9.99931e-06 9.99576e-06 9.99448e-06 9.99817e-06 9.99845e-06 9.99532e-06 9.99953e-06 9.99505e-06 9.99528e-06 9.99907e-06 9.99986e-06 9.99707e-06 0.000147844 0.000393961 6.6803e-05 2.92401e-05 3.45809e-05 3.04029e-05 3.86203e-05 0.000163885 0.000343793 0.000454556 0.00052453 0.000571404 0.000598855 0.000604316 0.00393781 1.43406e-05 9.99593e-06 9.99524e-06 9.99621e-06 9.99995e-06 9.99635e-06 9.997e-06 9.99829e-06 5.90253e-05 0.00183928 0.000574595 0.000182323 0.000118928 0.000326919 0.000291687 0.000402666 0.000248148
9.99602e-06 9.99849e-06 9.99596e-06 9.99874e-06 9.9983e-06 9.99539e-06 3.26428e-05 4.67778e-05 0.00168221 9.99595e-06 9.99936e-06 9.99837e-06 9.99656e-06 9.99724e-06 9.99715e-06 9.99667e-06 9.99629e-06 9.99616e-06 9.99659e-06 9.9987e-06 9.99652e-06 9.99509e-06 9.99516e-06 9.99813e-06 0.000147844 9.42456e-05 6.01042e-05 3.84595e-05 2.47161e-05 4.49051e-05 0.000247861 0.000365837 0.000442748 0.000483236 0.00051181 0.000521717 0.000504473 0.00372643 2.14363e-05 1.00017e-05 9.9957e-06 9.99819e-06 9.9985e-06 9.99948e-06 9.99483e-06 9.99938e-06 9.25178e-05 0.00183028 0.000235155 1.00008e-05 0.000181202 0.000180593 0.000111151 7.23475e-05 0.000259177
9.99903e-06 9.99519e-06 9.99574e-06 9.99596e-06 9.9956e-06 9.99857e-06 5.06858e-05 5.77808e-05 0.00161043 9.99545e-06 9.99803e-06 9.99442e-06 9.99588e-06 9.99744e-06 9.9998e-06 9.99911e-06 9.99447e-06 9.99789e-06 9.99871e-06 9.99989e-06 9.99997e-06 9.99867e-06 9.9959e-06 9.99546e-06 9.999e-06 9.99754e-06 9.9971e-06 9.99474e-06 9.99522e-06 6.01042e-05 0.000246747 0.000345644 0.000398209 0.000407599 0.000427071 0.000418177 0.000482211 0.00354876 3.2225e-05 9.99957e-06 9.99607e-06 9.99474e-06 9.99938e-06 9.99913e-06 9.99688e-06 9.99621e-06 0.000145403 0.00169382 0.000233385 9.99507e-06 9.99185e-06 1.83272e-05 0.000229536 1.13966e-05 9.99955e-06
9.99295e-06 9.99595e-06 9.99589e-06 9.99556e-06 9.99536e-06 9.99826e-06 7.91277e-05 6.30043e-05 0.00153536 9.99766e-06 9.99728e-06 9.99515e-06 9.99587e-06 9.99803e-06 9.99835e-06 9.99888e-06 9.99916e-06 9.9991e-06 9.99838e-06 9.99973e-06 9.99775e-06 9.99712e-06 9.99804e-06 9.99955e-06 9.9991e-06 9.99933e-06 9.99705e-06 9.99637e-06 9.99796e-06 9.42456e-05 0.000237442 0.000304578 0.000322471 0.000286166 0.000320792 0.000404899 0.000538251 0.0033747 4.86303e-05 1.0074e-05 9.99591e-06 9.99835e-06 9.99684e-06 9.99601e-06 9.99638e-06 9.99904e-06 0.000228671 0.00153834 0.000230839 9.999e-06 9.99506e-06 9.99991e-06 9.99734e-06 9.99889e-06 9.99325e-06
1.00019e-05 9.99599e-06 9.99883e-06 9.99836e-06 9.99819e-06 9.99806e-06 0.00012404 0.0004592 0.00145774 9.99891e-06 9.99478e-06 9.99775e-06 9.99948e-06 9.99999e-06 9.99611e-06 9.99869e-06 9.99949e-06 9.9977e-06 9.9978e-06 9.99795e-06 9.99931e-06 9.99894e-06 9.997e-06 9.99763e-06 9.99821e-06 9.99486e-06 9.9974e-06 9.99729e-06 9.99517e-06 0.000147844 0.000197642 0.000222705 0.000189974 0.00024356 0.000350371 0.000477458 0.000652642 0.00317238 7.35877e-05 1.50271e-05 9.99591e-06 9.99901e-06 9.99728e-06 9.99969e-06 9.99997e-06 9.99903e-06 0.000221316 0.00134547 0.000225737 9.99586e-06 9.9975e-06 9.9975e-06 9.99828e-06 9.9978e-06 9.99877e-06
9.99614e-06 1.00018e-05 9.99876e-06 9.99831e-06 9.9983e-06 9.99541e-06 0.00019473 0.000294126 0.00120497 9.99738e-06 9.99835e-06 9.99959e-06 9.99485e-06 9.9969e-06 9.99637e-06 9.99756e-06 9.9984e-06 9.99725e-06 9.99775e-06 9.99483e-06 9.9996e-06 9.99807e-06 9.99529e-06 9.9993e-06 9.99494e-06 9.99567e-06 9.99658e-06 9.99635e-06 9.99979e-06 9.99485e-06 2.77432e-05 3.94559e-05 0.000150823 0.000289041 0.000439547 0.000585595 0.000802014 0.00290905 0.000111803 2.26566e-05 1.00015e-05 9.99863e-06 9.99498e-06 9.99486e-06 9.99463e-06 9.99904e-06 0.000206263 0.00114423 0.00021542 9.99787e-06 9.99436e-06 9.99811e-06 9.99788e-06 9.9961e-06 9.99668e-06
9.99617e-06 1.00011e-05 1.00009e-05 9.9982e-06 9.99839e-06 9.99836e-06 0.000148968 0.000240322 0.00102606 9.99685e-06 9.99824e-06 9.99981e-06 9.99667e-06 9.9983e-06 9.99728e-06 9.99591e-06 9.99601e-06 9.99433e-06 9.99638e-06 9.99638e-06 9.99867e-06 9.99449e-06 9.99926e-06 9.9982e-06 9.99974e-06 9.99607e-06 9.99456e-06 9.99998e-06 9.99937e-06 9.9976e-06 4.32182e-05 4.84744e-05 0.000226703 0.000396442 0.000563604 0.000710718 0.000910499 0.00254771 0.000170365 3.44591e-05 9.99873e-06 9.99858e-06 9.99948e-06 9.99677e-06 9.99914e-06 9.99902e-06 0.000174443 0.000936868 0.00019414 9.99964e-06 9.9975e-06 9.99185e-06 9.99839e-06 9.99951e-06 9.99764e-06
9.99844e-06 9.99523e-06 9.99541e-06 1.00012e-05 9.99827e-06 9.99563e-06 1.12541e-05 0.000158892 0.000861272 0.000359478 9.99449e-06 9.9959e-06 9.99917e-06 9.99445e-06 9.99445e-06 9.99445e-06 9.99867e-06 9.99638e-06 0 0 9.99638e-06 9.99867e-06 9.99448e-06 9.99595e-06 9.99554e-06 9.99606e-06 9.99537e-06 9.99935e-06 9.99931e-06 9.99513e-06 6.75993e-05 5.21073e-05 0.000345286 0.000531418 0.000612341 0.000755078 0.00101165 0.00207604 0.00025983 5.2792e-05 9.99936e-06 9.99874e-06 9.9991e-06 9.99927e-06 9.99798e-06 1.0002e-05 9.9778e-05 0.000732406 0.000147849 9.99689e-06 9.99984e-06 9.99945e-06 9.99975e-06 9.99592e-06 9.9992e-06
1.00005e-05 9.99797e-06 9.99855e-06 9.99888e-06 9.99872e-06 9.99516e-06 1.70225e-05 5.15032e-05 0.000542686 0.000355515 9.99762e-06 9.99765e-06 9.99754e-06 9.99597e-06 9.99611e-06 9.99788e-06 9.99638e-06 0 0 0 0 9.99638e-06 9.99867e-06 9.99606e-06 9.99749e-06 9.99971e-06 9.99961e-06 9.99801e-06 9.99748e-06 9.99447e-06 0.000106069 0.000370966 0.000426273 0.000591104 0.000589622 0.000798559 0.00116478 0.00142952 0.000266929 8.14053e-05 1.00034e-05 9.99899e-06 9.99817e-06 9.99551e-06 9.99416e-06 1.05133e-05 0.000155879 0.000559826 9.99677e-06 9.99821e-06 9.99492e-06 9.99915e-06 9.99774e-06 9.99922e-06 9.99986e-06
9.99578e-06 9.99803e-06 9.99576e-06 9.99615e-06 9.99883e-06 9.99935e-06 2.62488e-05 7.53122e-05 0.000150727 0.000456303 9.99668e-06 9.99653e-06 9.99831e-06 9.99818e-06 9.99828e-06 9.99532e-06 0 0 0 0 0 0 9.99638e-06 9.99439e-06 9.99436e-06 9.99922e-06 9.99915e-06 9.99528e-06 9.99515e-06 9.99718e-06 0.00016652 0.000187764 0.000357984 0.000640536 0.000480473 0.000900565 0.00141172 0.00032824 0.000266644 0.000126234 1.20067e-05 9.99891e-06 9.99515e-06 9.99918e-06 9.99678e-06 1.57268e-05 0.000243702 0.00038567 9.99565e-06 9.99897e-06 9.99583e-06 9.99643e-06 9.99807e-06 9.99916e-06 9.9986e-06
4.29768e-06 9.99532e-06 9.9974e-06 9.99996e-06 9.99783e-06 9.99559e-06 4.0837e-05 0.000109799 0.000208176 0.000260744 1.71997 9.99436e-06 9.99973e-06 9.99771e-06 9.99433e-06 9.99433e-06 9.99638e-06 0 0 0 0 0 0 9.99768e-06 9.99976e-06 9.99889e-06 9.99588e-06 9.99461e-06 9.99455e-06 9.99906e-06 7.86634e-05 0.000205124 0.000376865 0.000782898 0.00105444 0.00116379 0.000637181 0.00024706 0.000237365 0.000196363 1.44205e-05 1.22922e-05 9.9954e-06 9.99792e-06 9.99994e-06 2.38071e-05 0.000248466 2.0654e-05 9.99744e-06 9.99836e-06 9.99471e-06 9.99993e-06 9.99652e-06 9.99581e-06 9.99503e-06
