test/known_good_answers/boscastle50m_72hr_u_flipped_lr/WaterDepths3600.asc
ncols	120
nrows	60
xllcorner	209000
yllcorner	89000
cellsize	50
NODATA_value	-9999
[rows 0 to 23 of 60, columns 0 to 54 of 120]
0.00289291 9.99658e-06 0.01 0.01 0.01 0.000135852 0.000132639 0.000129481 0.000126376 0.00101825 0.000103873 0.000875948 8.25512e-05 0.000734209 0.000901423 3.66205e-05 0.000392128 1.95847e-05 1.83557e-05 1.71833e-05 0.000218038 9.99469e-06 0.000855266 0.000819051 0.000660692 7.15744e-05 7.34998e-05 7.54631e-05 7.74644e-05 7.95042e-05 8.15828e-05 8.37003e-05 0.0030564 0.00301733 0.00292825 0.00275976 0.0024575 0.00187753 0.000279691 0.000283242 0.000286824 0.000290437 0.000294082 0.000297759 0.000301468 0.000305208 0.00030898 0.000312784 0.00031662 0.000320488 0.000324388 0.00032832 0.000332284 0.000336281 0.00034031
9.88131e-324 4.39652e-277 9.88131e-324 9.88131e-324 9.88131e-324 9.88131e-324 9.88131e-324 9.88131e-324 9.88131e-324 9.88131e-324 9.88131e-324 9.88131e-324 9.88131e-324 9.88131e-324 9.88131e-324 9.88131e-324 9.88131e-324 9.88131e-324 9.88131e-324 9.88131e-324 9.88131e-324 9.99807e-06 9.88131e-324 9.88131e-324 9.88131e-324 9.88131e-324 9.88131e-324 9.88131e-324 9.88131e-324 9.88131e-324 9.88131e-324 9.88131e-324 9.88131e-324 9.88131e-324 9.88131e-324 9.88131e-324 9.88131e-324 9.88131e-324 9.88131e-324 9.88131e-324 9.88131e-324 9.88131e-324 9.88131e-324 9.88131e-324 9.88131e-324 9.88131e-324 9.88131e-324 9.88131e-324 9.88131e-324 9.88131e-324 9.88131e-324 9.88131e-324 9.88131e-324 9.88131e-324 9.88131e-324
9.99983e-06 9.99965e-06 9.99531e-06 9.99971e-06 9.99903e-06 9.99955e-06 9.99822e-06 9.99547e-06 9.9944e-06 9.99776e-06 9.9963e-06 9.9988e-06 9.99987e-06 9.99903e-06 9.99829e-06 9.9992e-06 9.99894e-06 9.99623e-06 9.9974e-06 9.99589e-06 9.99502e-06 9.99738e-06 9.99753e-06 9.9983e-06 9.99743e-06 9.99453e-06 9.99612e-06 9.9956e-06 9.99973e-06 9.99682e-06 9.99849e-06 9.99729e-06 9.99627e-06 9.99829e-06 9.99958e-06 9.99803e-06 9.99687e-06 9.99519e-06 9.99809e-06 9.9989e-06 9.99921e-06 9.99924e-06 9.99513e-06 9.99638e-06 9.99904e-06 9.99524e-06 9.99444e-06 9.99458e-06 9.99586e-06 9.99561e-06 9.99704e-06 9.99835e-06 9.99851e-06 9.99669e-06 0.00019546
0.01 9.99874e-06 9.99558e-06 9.99737e-06 9.99837e-06 9.99976e-06 9.99615e-06 9.99564e-06 9.99738e-06 9.9995e-06 9.999e-06 9.99725e-06 9.99729e-06 9.9949e-06 9.99922e-06 9.99901e-06 9.99792e-06 9.99597e-06 9.99648e-06 9.99828e-06 9.99699e-06 9.99476e-06 9.99987e-06 9.9991e-06 9.99997e-06 9.99491e-06 9.99619e-06 9.99461e-06 9.99715e-06 9.99783e-06 9.99453e-06 9.9989e-06 9.99494e-06 0.000198001 9.99958e-06 9.99942e-06 9.99594e-06 9.99433e-06 9.99495e-06 9.9952e-06 9.99705e-06 9.99845e-06 9.99926e-06 9.99856e-06 9.99882e-06 9.99909e-06 9.99914e-06 9.99753e-06 9.9997e-06 9.9943e-06 9.99693e-06 9.99964e-06 9.99592e-06 9.99787e-06 1.00026e-05
9.99973e-06 0.0470144 9.99541e-06 9.99745e-06 9.99816e-06 9.99976e-06 9.9994e-06 9.99782e-06 9.99823e-06 9.99598e-06 9.99698e-06 9.99722e-06 9.99992e-06 9.99852e-06 0.000195548 2.2717e-05 0.000195548 9.99756e-06 9.99844e-06 9.9977e-06 9.99783e-06 9.99448e-06 9.99808e-06 9.99549e-06 9.99794e-06 9.99777e-06 9.99582e-06 9.99971e-06 9.99748e-06 9.99855e-06 0.000124166 0.000162998 0.00018083 0.000447069 0.000124166 9.9953e-06 9.99539e-06 9.99751e-06 9.99921e-06 9.9983e-06 9.99871e-06 9.99811e-06 9.99564e-06 9.99713e-06 9.9981e-06 9.99543e-06 9.9966e-06 9.99528e-06 9.9973e-06 9.99612e-06 9.99769e-06 9.99586e-06 9.99591e-06 9.99451e-06 1.00026e-05
9.99757e-06 1.26155e-168 0.000198159 9.99601e-06 9.99868e-06 1.00019e-05 1.00026e-05 0.00019546 9.99611e-06 9.99873e-06 9.99723e-06 9.99459e-06 9.99894e-06 9.99705e-06 0.00012414 0.000368647 0.000196767 9.99685e-06 9.99546e-06 9.99837e-06 9.99857e-06 9.99783e-06 9.99856e-06 9.99904e-06 9.99588e-06 9.99396e-06 9.99648e-06 9.99706e-06 9.99807e-06 9.99701e-06 0.000124756 0.000214046 0.000259618 0.000702658 0.000162998 9.99987e-06 9.99753e-06 9.99523e-06 9.99656e-06 9.99494e-06 9.99686e-06 9.99911e-06 9.99744e-06 9.99828e-06 9.99997e-06 9.99583e-06 9.99595e-06 9.99604e-06 9.99532e-06 0.000124166 7.9014e-05 5.029e-05 3.20973e-05 2.05593e-05 1.44456e-05
9.99928e-06 9.88131e-324 0.00019787 0.00031544 9.99542e-06 9.99583e-06 0.000315545 0.000196722 9.99636e-06 9.995e-06 1e-05 9.99697e-06 9.99686e-06 9.99807e-06 0.000162879 0.000603258 0.000197379 9.99496e-06 9.99938e-06 9.99553e-06 9.99941e-06 9.99695e-06 9.9973e-06 0.000198001 9.99674e-06 9.99839e-06 9.99324e-06 9.99652e-06 9.99685e-06 9.99742e-06 9.99719e-06 0.000214001 0.00029472 0.0005607 0.000693432 9.99624e-06 9.99516e-06 9.99574e-06 9.99308e-06 9.99722e-06 9.99951e-06 9.99515e-06 9.99444e-06 9.99686e-06 9.99951e-06 9.99504e-06 9.99997e-06 0.000124166 0.000162998 0.000213913 0.000348 4.11135e-05 3.72228e-05 2.9921e-05 2.32458e-05
9.99972e-06 9.88131e-324 1.00016e-05 0.000415478 9.99892e-06 9.99877e-06 0.000501815 0.000197357 9.99434e-06 9.99707e-06 9.99584e-06 9.99664e-06 9.99758e-06 9.99929e-06 0.000103495 0.000443945 0.000608522 9.99834e-06 9.99529e-06 9.99828e-06 9.99717e-06 9.99721e-06 9.99579e-06 0.000198001 0.000315403 9.99708e-06 9.99785e-06 9.99697e-06 9.99792e-06 9.99691e-06 9.99841e-06 1.0842e-05 0.000187679 0.000443596 0.000977671 9.99437e-06 9.99607e-06 9.99708e-06 9.99541e-06 9.99819e-06 9.99919e-06 9.99811e-06 9.99906e-06 9.99845e-06 9.99708e-06 9.99934e-06 9.99724e-06 0.000162998 0.000229606 0.000280895 0.000586771 2.6298e-05 2.3859e-05 2.73949e-05 2.57768e-05
9.99993e-06 9.88131e-324 0.000166519 0.000559425 0.000401043 0.000308636 0.000793982 0.000197676 9.99521e-06 9.99907e-06 9.99568e-06 9.99479e-06 9.99771e-06 9.99538e-06 6.57858e-05 0.000342993 0.000838935 9.99593e-06 9.99926e-06 9.99946e-06 9.99858e-06 9.99981e-06 9.999e-06 0.000125695 0.000459731 9.99814e-06 9.99788e-06 9.99575e-06 9.99726e-06 9.99445e-06 9.99892e-06 9.99775e-06 0.000119615 0.000306376 0.00114864 9.99429e-06 9.99726e-06 9.99638e-06 9.99833e-06 9.99854e-06 9.99328e-06 9.99531e-06 9.99913e-06 9.99876e-06 9.99905e-06 0.000124166 7.9014e-05 0.000125597 0.000245267 0.000264798 0.000774094 2.15736e-05 1.53628e-05 1.75877e-05 2.22671e-05
0.01 9.88131e-324 0.000162998 0.000374547 0.000718101 0.000925477 0.00142628 0.00152802 9.9949e-06 9.99664e-06 9.99886e-06 9.99656e-06 9.99574e-06 9.99437e-06 4.19177e-05 0.000281136 0.00100764 9.99449e-06 9.99305e-06 1e-05 0.000195492 1.46859e-05 9.99251e-06 7.98305e-05 0.000603789 0.000124166 9.99929e-06 9.99803e-06 9.99339e-06 9.99675e-06 9.99903e-06 1.00019e-05 7.63882e-05 0.000209764 0.00126498 9.99514e-06 9.99709e-06 9.99889e-06 9.9963e-06 9.99779e-06 9.99438e-06 9.99773e-06 9.99757e-06 9.99532e-06 9.99817e-06 7.9014e-05 0.000163445 0.000214566 0.000288364 0.000278034 0.000595215 0.000675259 1.00003e-05 1.1355e-05 1.76093e-05
0.000810843 9.88131e-324 0.000124166 0.000162998 0.00010357 6.58363e-05 4.19603e-05 2.57616 9.9973e-06 9.99473e-06 9.99804e-06 9.999e-06 9.99956e-06 9.99979e-06 2.67923e-05 0.000181692 0.000703625 0.000775151 9.99643e-06 9.99436e-06 0.000196739 0.00031653 9.99664e-06 5.08124e-05 0.000433232 0.000560625 9.99833e-06 9.99668e-06 9.99554e-06 9.99822e-06 9.99847e-06 9.99901e-06 4.88996e-05 0.000211783 0.00140244 0.000124166 9.99879e-06 9.99575e-06 9.99827e-06 9.9995e-06 9.99748e-06 9.99888e-06 9.99568e-06 9.99719e-06 9.99586e-06 5.029e-05 0.000189817 0.000263655 0.00033013 0.000356331 0.000525739 0.0010494 0.000125474 1.00001e-05 0.000126763
0.000806676 9.96403e-07 9.99781e-06 9.99691e-06 9.99811e-06 9.9979e-06 9.99754e-06 0.000198037 9.99664e-06 9.9984e-06 9.99583e-06 9.99448e-06 9.99863e-06 9.99961e-06 1.71931e-05 0.000117461 0.000464909 0.00103284 0.000162955 0.000103626 0.000221785 0.000325636 0.000206334 0.000141235 0.000357444 0.000507861 0.000370589 0.00037365 9.99655e-06 9.99773e-06 9.99948e-06 9.99902e-06 3.13902e-05 0.000419847 0.00144919 0.000162998 9.99822e-06 9.99581e-06 9.99554e-06 9.99468e-06 9.99839e-06 9.99968e-06 9.99472e-06 9.99783e-06 9.99723e-06 3.20973e-05 0.00012602 0.000262276 0.000349519 0.000401586 0.0005089 0.0008367 0.000909593 6.93646e-05 0.000672335
0.000736211 9.96403e-07 9.99942e-06 9.99537e-06 9.99594e-06 9.99936e-06 9.99567e-06 9.99564e-06 0.236568 9.99883e-06 9.99836e-06 9.99491e-06 9.99787e-06 9.99435e-06 1.10903e-05 7.60634e-05 0.000306937 0.00116571 0.00122651 0.000202946 0.000272626 0.0003519 0.000337142 0.000305474 0.000381921 0.000491055 0.000477482 0.000471858 0.00047529 9.99541e-06 1.00014e-05 9.99833e-06 0.000128737 0.00124695 0.000985447 0.000241112 0.000189467 0.00018083 0.000162998 0.000124166 9.99845e-06 9.99441e-06 9.9953e-06 9.99601e-06 9.99812e-06 2.05593e-05 8.35033e-05 0.000247919 0.00035295 0.000424918 0.000510928 0.000720201 0.000851482 0.00092645 0.00090712
0.000589645 9.99913e-06 9.99639e-06 9.99815e-06 9.9953e-06 9.999e-06 9.99882e-06 9.99881e-06 0.00013227 0.461243 9.99918e-06 9.99807e-06 9.99247e-06 9.99737e-06 9.99978e-06 4.93271e-05 0.000202623 0.000176629 0.00618016 0.000917313 0.000676352 0.000567849 0.000503263 0.00045602 0.00046495 0.000520772 0.000541242 0.000548745 0.000858836 9.96625e-05 1.39766e-05 0.000127051 0.000125706 0.001671 0.000730353 0.000316697 0.000281073 0.000252353 0.000197923 7.9014e-05 9.99691e-06 9.99593e-06 9.99381e-06 9.99799e-06 9.9981e-06 1.32297e-05 5.53416e-05 0.000168065 0.00032322 0.000423156 0.00051114 0.000658225 0.000792901 0.000894086 0.00153834
0.000507739 9.99819e-06 9.99973e-06 9.99646e-06 9.998e-06 9.9986e-06 9.99774e-06 9.99576e-06 4.20835e-05 0.000345307 9.99962e-06 9.99597e-06 9.99384e-06 9.99551e-06 9.99901e-06 3.20533e-05 0.000133802 0.000156947 7.59152e-05 0.000625969 0.000688739 1.00538 0.00135034 0.00720089 0.00180289 0.00203446 0.00226725 0.00994176 0.00181327 0.00118137 0.00120462 0.000209897 0.000512773 0.00188596 0.000600507 0.000359488 0.000299024 0.000199735 0.000136104 5.029e-05 9.9973e-06 9.99847e-06 9.99794e-06 9.9951e-06 9.99721e-06 1.00013e-05 3.6662e-05 0.000188601 0.000315661 0.000418966 0.000509338 0.000625215 0.000747456 0.000856174 0.0012502
0.000419163 9.99828e-06 9.99807e-06 9.99572e-06 9.99532e-06 1.00007e-05 9.99493e-06 9.99536e-06 6.5962e-05 0.000222624 0.000496846 0.626473 9.99592e-06 9.99723e-06 9.99884e-06 2.05096e-05 8.83333e-05 0.00012592 0.000103274 0.00072742 1.46221 9.99901e-06 9.99892e-06 9.99816e-06 1.00005e-05 2.44907e-05 4.88457e-05 9.00982e-05 0.00850651 0.00262118 0.00200235 0.00131783 0.000991324 0.00230488 0.000965487 0.000351593 0.000232779 0.000152076 9.28678e-05 3.20973e-05 9.99888e-06 9.99571e-06 9.9926e-06 9.99598e-06 9.99923e-06 1.00023e-05 2.42972e-05 0.000123407 0.000288182 0.000405037 0.000502123 0.000605027 0.000714791 0.000821477 0.0101162
0.000320656 9.99815e-06 9.99908e-06 9.99616e-06 9.9955e-06 9.99505e-06 1.00037e-05 9.9953e-06 0.000103685 0.00022239 0.000288237 0.000292245 0.000439764 0.00055017 0.000640617 0.000720801 0.000878852 1.53924 0.000245515 9.99817e-06 9.99787e-06 9.99552e-06 9.99469e-06 9.99507e-06 1.32321e-05 3.56334e-05 6.71658e-05 0.000122077 0.000191025 0.000304791 0.00228867 0.00312878 0.00374325 0.00556517 0.0217917 0.00685838 0.000176512 0.000106571 4.49734e-05 6.27848e-05 9.99902e-06 9.99681e-06 9.99273e-06 9.9963e-06 9.99905e-06 9.99644e-06 1.61284e-05 8.08314e-05 0.000260695 0.000386418 0.000490128 0.000589269 0.00975026 0.0294564 0.0096279
0.000204468 9.99594e-06 9.99595e-06 9.99889e-06 9.99541e-06 9.99806e-06 9.99528e-06 1.00013e-05 0.000163096 0.000198009 0.000237548 0.000173889 0.000124174 8.72784e-05 5.54249e-05 2.69037e-05 0.000204625 9.99699e-06 9.99691e-06 9.99904e-06 9.99645e-06 9.99969e-06 9.9996e-06 9.99655e-06 2.05629e-05 5.14689e-05 9.13536e-05 0.000165033 0.00024732 0.000397596 0.000503692 0.000586837 0.000716865 0.00172258 0.00219816 1.02436 5.02436 7.88356e-05 4.30312e-05 4.00306e-05 9.99626e-06 9.99461e-06 9.99801e-06 9.99636e-06 9.99955e-06 9.99886e-06 1.07342e-05 5.30935e-05 0.00023903 0.00580708 0.00897703 0.0281308 0.0094891 0.000474044 0.00133164
2.61981e-05 9.99863e-06 9.99592e-06 9.99849e-06 9.99548e-06 9.99829e-06 9.99811e-06 9.99539e-06 0.000124281 7.91388e-05 0.000144558 9.19426e-05 5.85001e-05 3.73116e-05 3.85229e-05 0.461879 9.99708e-06 9.99983e-06 9.99775e-06 9.99989e-06 9.99533e-06 9.99916e-06 9.99525e-06 9.99685e-06 3.2103e-05 7.37868e-05 0.000122561 0.000223035 0.000315529 0.000437101 0.000518997 0.000587828 0.000767595 0.00247842 0.00258469 0.000115715 0.0078504 0.0246396 0.00795795 2.56066e-05 9.99733e-06 9.999e-06 9.99263e-06 9.99529e-06 9.99991e-06 9.99839e-06 1.00017e-05 0.00891587 0.0261357 0.00567197 0.00535977 0.00109968 9.99916e-06 0.000983761 0.00107453
2.47084e-05 3.30341e-11 9.99538e-06 9.99919e-06 9.99544e-06 9.99828e-06 9.99818e-06 9.99533e-06 9.99846e-06 1.00014e-05 9.99596e-06 9.99907e-06 9.99657e-06 9.99652e-06 9.99257e-06 0.000315411 9.99625e-06 9.99975e-06 9.99592e-06 9.99707e-06 9.99683e-06 9.99957e-06 9.99746e-06 9.99823e-06 5.02991e-05 0.000104586 0.000161533 0.000302069 0.000393404 0.000459077 0.000513851 0.000575463 0.000863296 1.01322 0.000228076 9.79183e-05 6.24534e-05 0.000138862 0.00800431 0.00805495 0.00811757 0.00819175 0.0255638 0.00840049 0.00852687 0.00879057 0.00882505 0.0269247 1.76952e-05 1.05984e-05 3.04849e-05 9.99491e-06 9.99257e-06 0.00686096 0.000124166
2.31892e-05 9.99674e-06 9.99837e-06 9.99821e-06 9.99573e-06 9.99542e-06 9.99505e-06 9.99535e-06 9.99546e-06 9.99857e-06 9.99594e-06 9.99613e-06 9.99379e-06 9.99556e-06 9.9955e-06 0.000198009 9.99582e-06 9.99538e-06 9.99689e-06 9.99916e-06 9.9975e-06 9.99477e-06 9.99688e-06 9.99937e-06 7.90284e-05 0.000145758 0.000208074 0.000316822 0.000383942 0.00043339 0.000482567 0.000555375 0.00104928 0.00328643 0.000213708 2.79749e-05 9.99612e-06 9.99893e-06 9.99604e-06 0.000164318 0.000245994 0.000309333 0.000365363 0.000452122 0.000545723 0.001009 1.88332e-05 1.39063e-05 2.29395e-05 1.62044e-05 2.96283e-05 9.99205e-06 0.0014126 0.00146645 9.9973e-06
2.18375e-05 1.2983e-12 9.99874e-06 9.99891e-06 9.99823e-06 9.99807e-06 9.99779e-06 9.99812e-06 9.99867e-06 9.99604e-06 9.99535e-06 9.99846e-06 9.99597e-06 9.99563e-06 0.268534 9.99942e-06 9.99768e-06 9.99547e-06 9.99672e-06 9.99917e-06 9.99588e-06 9.99644e-06 9.99872e-06 9.99553e-06 0.00012419 0.000197728 0.000259995 0.000310326 0.000351013 0.00038926 0.000443082 0.000544535 0.00139157 0.00279543 0.000222135 4.36677e-05 9.99584e-06 9.99783e-06 1.00053e-05 0.000126073 0.000199133 0.000260673 0.000319111 0.000445336 0.000553368 0.000641452 2.25413e-05 2.1527e-05 2.22661e-05 2.51378e-05 2.00098e-05 1.29441e-05 0.00140695 9.99947e-06 9.99526e-06
2.05436e-05 1.03847e-12 9.99758e-06 9.99551e-06 9.99841e-06 9.99875e-06 9.99545e-06 9.99543e-06 9.99867e-06 9.99613e-06 9.99831e-06 9.99837e-06 9.9951e-06 0.451795 9.9989e-06 9.99955e-06 9.99772e-06 9.99969e-06 9.99721e-06 9.99726e-06 9.99695e-06 9.99673e-06 9.99583e-06 9.99877e-06 9.99566e-06 0.000124414 0.000198707 0.000248905 0.00028702 0.000328416 0.000404301 0.00055911 0.00197937 0.00199632 0.000232344 6.82929e-05 9.99888e-06 1.00196e-05 1.10677e-05 1.09799e-05 0.000126038 0.000198843 0.000267539 0.000471912 0.00057447 3.79993e-05 2.27924e-05 3.35733e-05 3.47589e-05 2.70763e-05 1.32137e-05 0.00132777 1.00648 9.99657e-06 9.99668e-06
0.000250471 4.41682e-09 8.31142e-05 9.99913e-06 9.99517e-06 9.99865e-06 9.99886e-06 9.99882e-06 9.99626e-06 9.99629e-06 9.99259e-06 9.99945e-06 9.99572e-06 0.000198008 9.99465e-06 9.99747e-06 9.9988e-06 9.99798e-06 9.99642e-06 9.99706e-06 9.99769e-06 9.9951e-06 9.99788e-06 9.99856e-06 9.9958e-06 9.99893e-06 0.000126637 0.00017181 0.000207496 0.000261218 0.000382181 0.000620098 0.00171672 0.00190247 0.000240315 0.000106861 1.00033e-05 1.38606e-05 1.14704e-05 1.02477e-05 1.00013e-05 0.000125351 0.000214582 0.000560732 5.52589e-05 4.97495e-05 4.69007e-05 4.20246e-05 3.50073e-05 1.70464e-05 1.55116e-05 0.00619399 3.10625e-05 9.99595e-06 9.99639e-06
