test/known_good_answers/boscastle50m_72hr_u_flipped_lr/WaterDepths3360.asc
ncols	120
nrows	60
xllcorner	209000
yllcorner	89000
cellsize	50
NODATA_value	-9999
[rows 24 to 47 of 60, columns 0 to 54 of 120]
9.9985e-06 9.88131e-324 0.000117947 9.99979e-06 9.99837e-06 9.99555e-06 9.99824e-06 9.99263e-06 9.99638e-06 9.99583e-06 9.99793e-06 9.998e-06 0.444688 9.9999e-06 9.99553e-06 9.99941e-06 9.99857e-06 9.99746e-06 9.99891e-06 9.99592e-06 9.99888e-06 9.99901e-06 9.99748e-06 9.99949e-06 9.99596e-06 1.00016e-05 2.19072e-05 5.42258e-05 0.000115512 0.000230191 0.000474115 0.000897389 0.00297511 0.00034626 0.000277597 0.000198956 1.78578e-05 2.66802e-05 1.03035e-05 1.10544e-05 1.00016e-05 9.99904e-06 0.000194809 0.000429554 0.000137466 5.13427e-05 5.15437e-05 4.31114e-05 3.16004e-05 2.69861e-05 2.36935e-05 0.0014901 5.82584e-05 9.99799e-06 9.99736e-06
9.99754e-06 8.05482e-181 1.00008e-05 9.99502e-06 9.9976e-06 1.00014e-05 9.99829e-06 9.99613e-06 9.99628e-06 9.99562e-06 9.99803e-06 9.99541e-06 0.000309719 9.99436e-06 9.9999e-06 9.99437e-06 9.99549e-06 9.99912e-06 9.99594e-06 9.99951e-06 9.99656e-06 9.99896e-06 9.99629e-06 9.99644e-06 9.99886e-06 1.05862e-05 3.17263e-05 7.72858e-05 0.000161339 0.00031822 0.000565926 0.00116221 0.00249342 0.000276603 0.000198783 0.000154635 2.74787e-05 2.5644e-05 1.56407e-05 1.09605e-05 9.99908e-06 1.00017e-05 0.000148245 0.000194379 0.000123772 7.88154e-05 5.03343e-05 3.22648e-05 1.57747e-05 2.2246e-05 0.000145327 0.00141044 9.13198e-05 9.99817e-06 9.99978e-06
9.9985e-06 9.88131e-324 9.99871e-06 9.99896e-06 1.00041e-05 9.99528e-06 9.99824e-06 9.99869e-06 9.99889e-06 9.99843e-06 9.99814e-06 4.52174 0.000148678 9.99648e-06 9.99717e-06 9.99985e-06 9.9963e-06 9.99677e-06 9.99459e-06 9.99901e-06 9.99939e-06 9.99684e-06 9.99568e-06 9.99988e-06 1.00021e-05 1.4802e-05 4.61033e-05 0.00011021 0.000224868 0.000439146 0.000674892 0.00156453 0.00179393 0.000196618 1.6682e-05 2.21361e-05 2.80787e-05 3.29649e-05 3.1933e-05 9.99608e-06 9.99816e-06 9.99795e-06 9.99528e-06 9.99517e-06 9.99929e-06 9.99761e-06 9.99739e-06 9.99782e-06 1.02686e-05 2.7736e-05 0.00106152 0.00129088 0.000143528 9.99949e-06 9.99685e-06
9.99928e-06 9.88131e-324 9.99778e-06 9.99903e-06 9.99538e-06 9.99836e-06 9.99524e-06 9.9956e-06 9.99874e-06 9.9956e-06 1.01673 0.00505602 0.000232962 9.99732e-06 9.99918e-06 9.99596e-06 9.99951e-06 9.99934e-06 9.9974e-06 9.99694e-06 9.99792e-06 9.99963e-06 9.99968e-06 9.99557e-06 1.03995e-05 2.04247e-05 6.75444e-05 0.000157072 0.000312423 0.000505107 0.000787686 0.00218627 0.000374357 0.00014974 1.00047e-05 1.38989e-05 2.13767e-05 3.27273e-05 4.98304e-05 1.00021e-05 9.99837e-06 9.99833e-06 9.99831e-06 9.99895e-06 9.99989e-06 9.99656e-06 9.99684e-06 9.99266e-06 9.99769e-06 1.00008e-05 0.00100912 0.000335316 0.000225737 9.9972e-06 9.99639e-06
9.99757e-06 9.88131e-324 9.99968e-06 9.99602e-06 9.99875e-06 9.99541e-06 9.99552e-06 1.00013e-05 9.99861e-06 3.01542 0.00470506 0.000621144 0.000367481 9.99587e-06 9.999e-06 9.9952e-06 9.99891e-06 9.99534e-06 9.99903e-06 9.99781e-06 9.99573e-06 9.99684e-06 9.99631e-06 9.99444e-06 1.59739e-05 2.75448e-05 9.98592e-05 0.000223288 0.000431934 0.000566496 0.000945522 0.00167682 0.000431932 1.21672e-05 9.99551e-06 9.99866e-06 9.99767e-06 5.07617e-05 4.8803e-05 9.99673e-06 1.00021e-05 9.99639e-06 9.99897e-06 9.99933e-06 9.99989e-06 9.99532e-06 9.99493e-06 9.99607e-06 1.00016e-05 9.9985e-06 0.000785932 0.000301351 0.000215421 9.99821e-06 9.99717e-06
9.99828e-06 9.88131e-324 9.99734e-06 9.99852e-06 9.99871e-06 9.9953e-06 1.00011e-05 9.9955e-06 1.00632 0.00420442 0.000800077 0.00074135 0.000580117 9.40485e-05 9.99969e-06 9.99524e-06 9.99572e-06 9.99453e-06 9.99771e-06 9.99485e-06 9.9961e-06 9.99474e-06 9.99587e-06 9.99928e-06 2.47173e-05 3.60762e-05 0.000149186 0.000315779 0.000492767 0.000588188 0.00118579 0.00114919 0.000148782 1.83626e-05 9.99914e-06 9.99502e-06 9.99985e-06 9.99987e-06 7.56551e-05 1.0001e-05 9.99921e-06 9.99825e-06 9.99675e-06 9.99867e-06 9.99912e-06 9.99801e-06 9.99176e-06 9.99993e-06 9.99737e-06 9.99848e-06 0.000552895 0.000237193 0.000194141 9.99827e-06 9.9992e-06
9.99812e-06 9.88131e-324 9.99727e-06 9.99838e-06 9.99858e-06 1.0001e-05 0.00096537 0.00588889 0.000910308 0.0134772 0.00076802 0.000799899 0.000816041 0.000812515 9.99834e-06 9.9952e-06 9.99673e-06 9.99873e-06 9.99848e-06 9.99631e-06 9.99505e-06 9.99873e-06 9.99511e-06 9.99884e-06 3.84614e-05 4.47518e-05 0.000225443 0.00044228 0.000540655 0.000577027 0.00080892 0.00102651 1.58385e-05 1.1903e-05 9.99755e-06 9.99746e-06 9.99537e-06 9.99663e-06 7.5076e-05 9.99954e-06 9.99866e-06 9.99676e-06 9.99876e-06 9.99778e-06 9.99744e-06 9.99687e-06 9.99975e-06 9.99723e-06 9.99441e-06 9.99176e-06 0.000316164 9.84649e-05 0.000147847 9.995e-06 9.99812e-06
9.99723e-06 9.88131e-324 9.99964e-06 0.000235969 0.000384387 0.000763623 0.000881038 0.000468349 0.000334622 0.00291339 0.00063927 0.000690491 0.000728624 0.000742813 0.000743709 9.99517e-06 9.99634e-06 9.99554e-06 9.99566e-06 9.99891e-06 9.99865e-06 9.9973e-06 9.9961e-06 9.99876e-06 6.01073e-05 4.9331e-05 0.000344636 0.000510581 0.000527773 0.000507222 0.000929961 0.000328248 1.82196e-05 1.79862e-05 9.99513e-06 9.99947e-06 9.9988e-06 9.99493e-06 7.39392e-05 9.99952e-06 9.99446e-06 9.99367e-06 9.99433e-06 9.99721e-06 9.99185e-06 9.99547e-06 9.99999e-06 9.99996e-06 9.99508e-06 0.415901 9.98956e-05 2.4723e-05 9.99757e-06 9.99597e-06 9.99554e-06
0.01 1.29244e-06 9.9963e-06 9.99596e-06 3.84597e-05 0.000457199 0.000158139 0.000324779 0.000414018 0.00257339 0.000477567 0.000548917 0.000616838 0.000646391 0.000648307 0.000629265 1.71544e-05 2.63805e-05 9.99473e-06 9.99737e-06 9.9922e-06 9.99953e-06 9.99496e-06 9.99668e-06 9.42507e-05 0.000399743 0.000426077 0.000552001 0.00043266 0.000366452 0.000583133 0.000114444 2.79832e-05 1.65592e-05 9.99971e-06 9.99649e-06 9.99765e-06 9.99196e-06 7.28329e-05 9.99992e-06 9.99986e-06 9.99185e-06 9.99721e-06 9.98932e-06 9.99435e-06 9.99433e-06 9.99292e-06 9.99518e-06 9.99873e-06 0.000487776 0.000150458 3.84676e-05 9.99514e-06 9.99947e-06 9.99892e-06
9.99923e-06 6.73785e-13 9.99938e-06 9.99877e-06 6.01044e-05 0.000245956 0.000326991 0.000332722 0.000376824 0.00225886 0.000265276 0.000355074 0.000478511 0.000541885 0.000566458 0.000523342 0.000564656 0.000304745 9.99833e-06 9.99775e-06 9.99881e-06 9.99977e-06 9.9987e-06 9.9958e-06 0.00014785 0.000235514 0.000327049 0.000564858 0.000122228 0.000123309 0.000242037 7.1185e-05 4.33527e-05 1.52096e-05 9.9976e-06 9.99622e-06 9.99588e-06 0.000147845 7.17571e-05 7.31087e-05 1.00001e-05 9.99441e-06 9.99185e-06 9.99435e-06 9.99916e-06 9.99735e-06 9.99472e-06 9.99728e-06 0.391379 0.00030118 0.00022624 6.01136e-05 9.99441e-06 9.99996e-06 9.99539e-06
9.9978e-06 1.50953e-10 9.99604e-06 9.99902e-06 9.42459e-05 0.000235839 0.000264975 0.000187865 0.00028813 0.00203051 0.000152005 0.000198792 0.000277781 0.000400997 0.000502615 0.000359493 0.000264355 0.000147845 9.9984e-06 9.99828e-06 9.99745e-06 9.99891e-06 9.99829e-06 9.99785e-06 9.99945e-06 0.000148106 0.000274972 0.000259561 0.000172569 0.00012217 0.000178734 6.3663e-05 4.13488e-05 1.37086e-05 9.98932e-06 9.99721e-06 0.0015124 0.00208062 0.00236912 0.00255553 1.01115 2.01115 0.001862 0.00187052 9.99679e-06 9.99786e-06 9.99555e-06 0.334771 0.000236323 0.00022624 0.000194783 9.42549e-05 9.99586e-06 9.99608e-06 9.99484e-06
9.99813e-06 9.99954e-06 9.99532e-06 9.99807e-06 0.000147845 0.00019414 0.000123541 8.44381e-05 0.000233538 0.00186551 9.32575e-05 9.45099e-05 0.000109194 0.000107954 0.000524603 0.000317957 0.00021542 9.99432e-06 9.99702e-06 9.99592e-06 9.99676e-06 9.99565e-06 9.99604e-06 9.99885e-06 9.99468e-06 9.99616e-06 0.000238232 3.1029e-05 4.43449e-05 5.40915e-05 0.000101205 5.88261e-05 3.95339e-05 1.23106e-05 9.99922e-06 0.00219149 0.00144306 0.000967826 0.000623069 0.000430872 0.000422057 0.000467925 0.00219254 0.00328282 0.00333556 0.00338809 2.32274 2.47221e-05 3.84673e-05 6.01123e-05 9.42551e-05 0.000147853 9.99635e-06 9.99687e-06 9.99619e-06
9.9976e-06 9.99922e-06 9.99613e-06 9.99612e-06 9.99657e-06 9.99981e-06 9.99817e-06 2.88119e-05 0.000195729 0.00173063 9.00112e-05 7.64572e-05 0.000108373 0.000151483 0.000207244 0.000273576 0.00019414 9.9969e-06 9.99614e-06 9.99781e-06 9.99634e-06 9.99972e-06 9.99631e-06 9.99907e-06 9.99542e-06 1.00029e-05 2.40471e-05 4.07952e-05 5.45857e-05 6.1503e-05 7.07019e-05 5.63643e-05 3.78526e-05 1.85495e-05 0.0021588 0.00213117 0.000211791 0.000134881 8.61538e-05 0.000169272 0.000281435 0.0003958 0.000399975 9.99518e-06 9.99655e-06 9.99603e-06 9.99877e-06 9.9984e-06 9.99509e-06 9.99747e-06 9.99556e-06 9.99975e-06 9.99728e-06 9.99741e-06 9.9979e-06
0.01 9.99732e-06 9.99573e-06 9.99595e-06 9.99866e-06 9.99674e-06 9.99673e-06 4.48873e-05 0.000143228 0.00160557 0.000100782 3.2665e-05 5.06937e-05 7.90289e-05 0.000123709 0.000194152 0.000147845 9.9977e-06 9.99975e-06 9.9945e-06 9.9984e-06 9.99968e-06 9.99738e-06 9.99647e-06 9.99953e-06 1.08508e-05 3.53642e-05 5.34272e-05 6.538e-05 6.63993e-05 7.74861e-05 3.77401e-05 0.000153409 0.00129338 0.00209687 9.99949e-06 9.9949e-06 9.99438e-06 9.99542e-06 9.99841e-06 0.00023474 0.000378033 9.99562e-06 9.99567e-06 9.9976e-06 0.213163 9.99647e-06 9.99945e-06 9.99871e-06 9.99848e-06 9.9958e-06 9.99476e-06 9.99915e-06 9.99528e-06 9.9952e-06
0.01 9.99784e-06 9.99684e-06 9.99988e-06 9.99893e-06 9.99941e-06 9.99802e-06 7.02153e-05 0.000211965 0.00149119 0.000148261 9.99598e-06 9.99858e-06 9.99855e-06 9.99919e-06 9.9949e-06 9.99755e-06 9.99919e-06 9.99844e-06 9.99696e-06 9.99734e-06 9.99794e-06 9.99472e-06 9.99526e-06 9.99611e-06 1.6525e-05 5.19296e-05 6.74879e-05 7.47399e-05 6.56086e-05 8.58699e-05 0.00101829 0.0014687 0.00118121 0.00127129 9.99784e-06 9.9943e-06 9.99781e-06 9.9949e-06 9.99844e-06 0.000233445 1.88303e-05 9.99767e-06 9.99619e-06 9.99579e-06 0.000235964 9.99794e-06 9.99195e-06 9.99442e-06 9.99915e-06 9.99728e-06 9.99678e-06 9.99737e-06 9.99687e-06 9.9986e-06
0.00127494 9.99839e-06 9.99457e-06 9.9979e-06 9.9963e-06 9.99592e-06 9.99567e-06 0.00011018 0.000312445 0.00133363 0.00162663 9.99271e-06 1.00021e-05 9.99599e-06 9.99918e-06 9.99557e-06 9.99771e-06 9.9969e-06 9.99622e-06 9.99795e-06 9.9995e-06 9.99608e-06 9.99743e-06 9.99886e-06 9.99585e-06 2.53717e-05 7.62598e-05 7.99044e-05 7.99046e-05 0.000545466 0.000875829 0.000913583 0.000684131 0.000761376 8.6423e-05 9.99932e-06 9.99806e-06 9.99903e-06 9.99785e-06 9.99864e-06 9.99803e-06 9.99882e-06 9.99619e-06 9.99508e-06 9.99783e-06 9.9987e-06 9.99462e-06 9.99954e-06 9.99982e-06 9.99905e-06 9.99579e-06 9.99868e-06 9.99755e-06 9.99566e-06 9.99853e-06
0.00120045 9.99869e-06 9.99574e-06 9.99742e-06 9.99766e-06 9.99545e-06 9.99801e-06 0.000173317 0.000457952 0.00112339 0.000112545 0.348318 0.000810925 9.99638e-06 1.0001e-05 1.00022e-05 9.99463e-06 9.99604e-06 9.9944e-06 9.99526e-06 9.99619e-06 9.99484e-06 9.99478e-06 1.00015e-05 9.99592e-06 3.92171e-05 0.000111792 8.17069e-05 7.79809e-05 0.000423053 0.000476204 0.000866059 0.000269272 2.25804e-05 9.99966e-06 9.9998e-06 9.99629e-06 9.99819e-06 9.99537e-06 9.9997e-06 9.9994e-06 9.99851e-06 9.99554e-06 9.99636e-06 9.99767e-06 9.99513e-06 0.363702 9.99918e-06 9.9972e-06 9.995e-06 9.99741e-06 9.99513e-06 9.99142e-06 9.99942e-06 9.99467e-06
0.00112402 9.99627e-06 9.9987e-06 9.99996e-06 9.99917e-06 9.99318e-06 9.99785e-06 0.000273157 0.000665712 0.000803394 9.99755e-06 0.000886632 1.00424 0.000129699 1.10036e-05 9.99618e-06 9.99733e-06 9.99887e-06 9.99554e-06 9.99993e-06 9.9961e-06 9.99644e-06 9.99556e-06 9.99891e-06 1.00047e-05 6.09499e-05 0.000163283 0.000459225 0.000678846 0.000553944 0.000412689 0.000528794 9.99657e-06 9.99478e-06 9.99459e-06 9.99517e-06 9.99912e-06 9.9995e-06 9.99876e-06 1.00021e-05 9.99933e-06 1.00008e-05 9.99558e-06 9.99627e-06 9.99512e-06 9.99636e-06 0.000376095 9.99917e-06 9.99698e-06 9.99542e-06 9.9957e-06 9.99589e-06 9.99316e-06 9.99954e-06 9.99977e-06
0.00104535 9.99943e-06 9.99636e-06 9.99576e-06 9.99674e-06 9.99736e-06 9.99934e-06 0.000430836 0.000879769 0.000147845 9.99549e-06 9.99225e-06 0.0011591 0.00102471 1.61555e-05 9.99881e-06 9.99458e-06 9.99823e-06 9.99921e-06 9.99583e-06 9.99717e-06 9.99975e-06 9.99603e-06 9.99872e-06 1.00018e-05 9.51583e-05 0.000236784 0.000265796 0.00028053 0.000279705 1.47316e-05 1.58075e-05 9.99648e-06 9.99675e-06 9.99569e-06 9.99818e-06 9.99431e-06 9.99856e-06 9.99549e-06 1.00012e-05 9.99831e-06 9.99797e-06 9.99849e-06 9.9977e-06 9.99401e-06 9.99684e-06 0.000235953 9.99671e-06 9.99831e-06 9.99922e-06 9.99446e-06 9.99901e-06 9.99731e-06 9.99731e-06 9.99436e-06
0.000964099 9.99665e-06 9.99553e-06 9.99584e-06 9.99272e-06 9.99442e-06 9.99802e-06 0.000586608 0.000510301 9.99882e-06 9.99644e-06 9.9978e-06 0.000196949 0.000971328 0.000291042 9.99849e-06 9.99621e-06 9.99787e-06 9.9995e-06 9.99781e-06 9.99946e-06 9.99601e-06 9.99889e-06 9.99837e-06 9.99597e-06 0.00014878 0.000195561 0.000124609 0.000126772 9.99208e-06 9.99906e-06 9.99603e-06 9.99672e-06 9.99721e-06 9.99952e-06 9.99785e-06 9.99795e-06 9.99581e-06 9.99833e-06 9.99805e-06 9.99605e-06 9.99862e-06 9.99854e-06 9.99628e-06 9.99649e-06 0.107342 9.99931e-06 9.99807e-06 9.99625e-06 9.9944e-06 9.99507e-06 9.99731e-06 3.59588e-07 6.90063e-06 9.99731e-06
0.0008798 9.99879e-06 9.99802e-06 9.99794e-06 9.99544e-06 9.99857e-06 9.99543e-06 0.000484213 0.000387993 9.99696e-06 9.99663e-06 9.99933e-06 0.000154171 0.000704528 0.000291491 0.000149024 9.9991e-06 9.99554e-06 9.99869e-06 9.99968e-06 9.99786e-06 9.99874e-06 9.99598e-06 1.00038e-05 1.0002e-05 9.99883e-06 1.20337e-05 9.99869e-06 9.99457e-06 9.99598e-06 9.999e-06 9.9954e-06 9.99718e-06 9.99922e-06 9.99894e-06 9.99603e-06 9.9989e-06 9.99721e-06 0.000100263 9.99758e-06 9.99268e-06 9.99334e-06 9.99851e-06 9.99866e-06 9.99858e-06 0.107324 9.99541e-06 9.99618e-06 9.99675e-06 9.99757e-06 0 1.71339e-06 1.86709e-05 5.05709e-05 9.99583e-06
0.000791829 9.99984e-06 9.99781e-06 9.99647e-06 9.99849e-06 9.99721e-06 9.99916e-06 0.000369537 0.000244397 9.99806e-06 9.99577e-06 9.99603e-06 3.76198e-05 0.00040117 0.000272384 0.000148086 9.99984e-06 1.00021e-05 9.9985e-06 9.99786e-06 9.99869e-06 9.99708e-06 1.00029e-05 9.99521e-06 1.00029e-05 1.00047e-05 9.99986e-06 9.99933e-06 9.99958e-06 9.99782e-06 9.99948e-06 9.99846e-06 9.9976e-06 9.99794e-06 9.99678e-06 9.99473e-06 9.99708e-06 9.99807e-06 1.00005e-05 9.99904e-06 9.99581e-06 9.99884e-06 9.99914e-06 9.99876e-06 0.326747 9.99934e-06 9.99754e-06 9.99454e-06 9.99597e-06 9.99151e-06 1.36897e-06 2.26329e-05 5.94646e-05 8.70157e-05 9.99905e-06
0.000699306 9.99894e-06 9.99819e-06 9.99495e-06 9.99711e-06 9.99802e-06 9.9992e-06 0.000232693 1.86579e-05 9.99658e-06 9.99809e-06 9.99202e-06 9.9977e-06 1.86591e-05 0.000232704 9.99846e-06 9.99765e-06 9.99873e-06 9.99453e-06 9.99771e-06 9.99747e-06 9.18857e-06 1.02219e-05 1.00002e-05 1.17177e-05 9.99961e-06 9.99917e-06 9.99455e-06 9.99507e-06 9.99873e-06 9.9974e-06 9.99623e-06 9.99806e-06 9.99986e-06 9.99291e-06 9.99506e-06 9.99775e-06 9.99871e-06 9.99704e-06 9.99628e-06 9.99526e-06 9.99546e-06 9.9988e-06 9.99609e-06 0.000236064 9.99822e-06 9.99522e-06 9.99607e-06 9.99517e-06 9.99723e-06 9.99612e-06 9.99785e-06 1.00008e-05 8.88868e-05 8.36221e-05
0.000600915 9.99977e-06 9.99896e-06 9.99784e-06 9.9971e-06 9.9995e-06 9.9976e-06 9.99773e-06 9.99734e-06 9.9953e-06 9.9984e-06 9.99204e-06 9.99595e-06 9.99963e-06 9.99536e-06 9.99838e-06 9.99603e-06 9.99901e-06 9.99731e-06 3.2921e-09 9.99855e-06 5.96913e-05 1.00003e-05 1.00009e-05 9.99954e-06 1.00006e-05 8.68386e-06 0 0 9.99801e-06 9.99589e-06 9.99711e-06 9.99795e-06 9.99766e-06 9.99816e-06 9.99842e-06 9.99873e-06 9.99797e-06 9.99786e-06 9.99875e-06 9.99537e-06 1.00041e-05 9.99867e-06 0.602718 9.99658e-06 9.99867e-06 9.99536e-06 9.99622e-06 9.99603e-06 9.99594e-06 9.99883e-06 9.99542e-06 1.00003e-05 9.99539e-06 1.00007e-05
