test/known_good_answers/boscastle50m_72hr_u_flipped_lr/WaterDepths3360.asc
ncols	120
nrows	60
xllcorner	209000
yllcorner	89000
cellsize	50
NODATA_value	-9999
[rows 0 to 23 of 60, columns 0 to 54 of 120]
0.00289291 9.99658e-06 0.01 0.01 0.01 0.000189477 0.000184681 0.00017997 0.000175344 0.00130381 0.000144058 0.00112088 0.000114412 0.000938693 0.00115156 5.10213e-05 0.000502594 2.73114e-05 2.54668e-05 2.37134e-05 0.000276969 9.99469e-06 0.00104202 0.000998091 0.000806032 9.3217e-05 9.58939e-05 9.86268e-05 0.000101416 0.000104263 0.000107166 0.000110128 0.00368607 0.00363769 0.00352905 0.00332516 0.0029611 0.00226509 0.000358152 0.000362928 0.000367747 0.000372609 0.000377515 0.000382465 0.000387458 0.000392495 0.000397575 0.000402699 0.000407867 0.000413079 0.000418334 0.000423633 0.000428976 0.000434363 0.000439794
9.88131e-324 4.39652e-277 9.88131e-324 9.88131e-324 9.88131e-324 9.88131e-324 9.88131e-324 9.88131e-324 9.88131e-324 9.88131e-324 9.88131e-324 9.88131e-324 9.88131e-324 9.88131e-324 9.88131e-324 9.88131e-324 9.88131e-324 9.88131e-324 9.88131e-324 9.88131e-324 9.88131e-324 9.99807e-06 9.88131e-324 9.88131e-324 9.88131e-324 9.88131e-324 9.88131e-324 9.88131e-324 9.88131e-324 9.88131e-324 9.88131e-324 9.88131e-324 9.88131e-324 9.88131e-324 9.88131e-324 9.88131e-324 9.88131e-324 9.88131e-324 9.88131e-324 9.88131e-324 9.88131e-324 9.88131e-324 9.88131e-324 9.88131e-324 9.88131e-324 9.88131e-324 9.88131e-324 9.88131e-324 9.88131e-324 9.88131e-324 9.88131e-324 9.88131e-324 9.88131e-324 9.88131e-324 9.88131e-324
9.99983e-06 9.99965e-06 9.99531e-06 9.99971e-06 9.99903e-06 9.99955e-06 9.99822e-06 9.99547e-06 9.9944e-06 9.99776e-06 9.9963e-06 9.9988e-06 9.99987e-06 9.99903e-06 9.99829e-06 9.9992e-06 9.99894e-06 9.99623e-06 9.9974e-06 9.99589e-06 9.99502e-06 9.99738e-06 9.99753e-06 9.9983e-06 9.99743e-06 9.99453e-06 9.99612e-06 9.9956e-06 9.99973e-06 9.99682e-06 9.99849e-06 9.99729e-06 9.99627e-06 9.99829e-06 9.99958e-06 9.99803e-06 9.99687e-06 9.99519e-06 9.99809e-06 9.9989e-06 9.99921e-06 9.99924e-06 9.99513e-06 9.99638e-06 9.99904e-06 9.99524e-06 9.99444e-06 9.99458e-06 9.99586e-06 9.99561e-06 9.99704e-06 9.99835e-06 9.99851e-06 9.99669e-06 0.000232641
0.01 9.99874e-06 9.99558e-06 9.99737e-06 9.99837e-06 9.99976e-06 9.99615e-06 9.99564e-06 9.99738e-06 9.9995e-06 9.999e-06 9.99725e-06 9.99729e-06 9.9949e-06 9.99922e-06 9.99901e-06 9.99792e-06 9.99597e-06 9.99648e-06 9.99828e-06 9.99699e-06 9.99476e-06 9.99987e-06 9.9991e-06 9.99997e-06 9.99491e-06 9.99619e-06 9.99461e-06 9.99715e-06 9.99783e-06 9.99453e-06 9.9989e-06 9.99494e-06 0.00023595 9.99958e-06 9.99942e-06 9.99594e-06 9.99433e-06 9.99495e-06 9.9952e-06 9.99705e-06 9.99845e-06 9.99926e-06 9.99856e-06 9.99882e-06 9.99909e-06 9.99914e-06 9.99753e-06 9.9997e-06 9.9943e-06 9.99693e-06 9.99964e-06 9.99592e-06 9.99787e-06 1.16003e-05
9.99973e-06 0.0447613 9.99541e-06 9.99745e-06 9.99816e-06 9.99976e-06 9.9994e-06 9.99782e-06 9.99823e-06 9.99598e-06 9.99698e-06 9.99722e-06 9.99992e-06 9.99852e-06 0.000232769 2.87784e-05 0.000232769 9.99756e-06 9.99844e-06 9.9977e-06 9.99783e-06 9.99448e-06 9.99808e-06 9.99549e-06 9.99794e-06 9.99777e-06 9.99582e-06 9.99971e-06 9.99748e-06 9.99855e-06 0.000147845 0.00019414 0.00021542 0.000533077 0.000147845 9.9953e-06 9.99539e-06 9.99751e-06 9.99921e-06 9.9983e-06 9.99871e-06 9.99811e-06 9.99564e-06 9.99713e-06 9.9981e-06 9.99543e-06 9.9966e-06 9.99528e-06 9.9973e-06 9.99612e-06 9.99769e-06 9.99586e-06 9.99591e-06 9.99451e-06 1.00007e-05
9.99757e-06 1.26155e-168 0.000236167 1.00018e-05 9.99907e-06 9.99821e-06 1.16003e-05 0.000232641 9.99611e-06 9.99873e-06 9.99723e-06 9.99459e-06 9.99894e-06 9.99705e-06 0.000147969 0.000439973 0.000234348 9.99685e-06 9.99546e-06 9.99837e-06 9.99857e-06 9.99783e-06 9.99856e-06 9.99904e-06 9.99588e-06 9.99396e-06 9.99648e-06 9.99706e-06 9.99807e-06 9.99701e-06 0.00014879 0.000255091 0.000309429 0.000838241 0.00019414 9.99987e-06 9.99753e-06 9.99523e-06 9.99656e-06 9.99494e-06 9.99686e-06 9.99911e-06 9.99744e-06 9.99828e-06 9.99997e-06 9.99583e-06 9.99595e-06 9.99604e-06 9.99532e-06 0.000147845 9.42459e-05 6.01044e-05 3.84597e-05 2.47161e-05 1.76365e-05
9.99928e-06 9.88131e-324 0.000236029 0.000376363 1.00013e-05 9.99627e-06 0.000376361 0.000234283 9.99636e-06 9.995e-06 1e-05 9.99697e-06 9.99686e-06 9.99807e-06 0.000194055 0.000719937 0.000235142 9.99496e-06 9.99938e-06 9.99553e-06 9.99941e-06 9.99695e-06 9.9973e-06 0.00023595 9.99674e-06 9.99839e-06 9.99324e-06 9.99652e-06 9.99685e-06 9.99742e-06 1.00026e-05 0.000255288 0.000351439 0.000669021 0.000827717 9.99624e-06 9.99516e-06 9.99574e-06 9.99308e-06 9.99722e-06 9.99951e-06 9.99515e-06 9.99444e-06 9.99686e-06 9.99951e-06 9.99504e-06 9.99997e-06 0.000147845 0.00019414 0.000254849 0.000414354 5.0103e-05 4.51653e-05 3.63114e-05 2.83445e-05
9.99972e-06 9.88131e-324 1.18052e-05 0.000496077 9.99885e-06 1.00017e-05 0.000598712 0.00023511 9.99434e-06 9.99707e-06 9.99584e-06 9.99664e-06 9.99758e-06 9.99929e-06 0.00012349 0.000529884 0.000726431 9.99834e-06 9.99529e-06 9.99828e-06 9.99717e-06 9.99721e-06 9.99579e-06 0.00023595 0.00037609 9.99708e-06 9.99785e-06 9.99697e-06 9.99792e-06 9.99691e-06 9.99604e-06 1.37754e-05 0.000224147 0.000529454 0.00116765 9.99437e-06 9.99607e-06 9.99708e-06 9.99541e-06 9.99819e-06 9.99919e-06 9.99811e-06 9.99906e-06 9.99845e-06 9.99708e-06 9.99934e-06 9.99724e-06 0.00019414 0.000273571 0.000334774 0.000699726 3.21432e-05 2.90471e-05 3.33918e-05 3.15241e-05
9.99993e-06 9.88131e-324 0.000199063 0.000667553 0.000478621 0.000368314 0.000947788 0.000235526 9.99521e-06 9.99907e-06 9.99568e-06 9.99479e-06 9.99771e-06 9.99538e-06 7.86328e-05 0.000409403 0.00100202 9.99593e-06 9.99926e-06 9.99946e-06 9.99858e-06 9.99981e-06 9.999e-06 0.000149988 0.00054857 9.99814e-06 9.99788e-06 9.99575e-06 9.99726e-06 9.99445e-06 9.9992e-06 1.00046e-05 0.00014311 0.000366092 0.00137268 9.99429e-06 9.99726e-06 9.99638e-06 9.99833e-06 9.99854e-06 9.99328e-06 9.99531e-06 9.99913e-06 9.99876e-06 9.99905e-06 0.000147845 9.42459e-05 0.000149848 0.000292368 0.000315911 0.000923932 2.64641e-05 1.87837e-05 2.15207e-05 2.73332e-05
0.01 9.88131e-324 0.00019414 0.000447525 0.000857864 0.00110594 0.00170452 0.00182677 9.9949e-06 9.99664e-06 9.99886e-06 9.99656e-06 9.99574e-06 9.99437e-06 5.02157e-05 0.000335527 0.00120403 9.99449e-06 9.99305e-06 1e-05 0.000232693 1.86591e-05 9.99251e-06 9.54099e-05 0.000720776 0.000147845 9.99929e-06 9.99803e-06 9.99339e-06 9.99675e-06 9.99902e-06 9.99861e-06 9.15939e-05 0.000250992 0.0015126 9.99514e-06 9.99709e-06 9.99889e-06 9.9963e-06 9.99779e-06 9.99438e-06 9.99773e-06 9.99757e-06 9.99532e-06 9.99817e-06 9.42459e-05 0.000194778 0.00025578 0.000343811 0.00033188 0.000710599 0.000806751 1.22312e-05 1.39646e-05 2.17159e-05
0.000971086 9.88131e-324 0.000147845 0.00019414 0.000123544 7.86713e-05 5.02577e-05 2.52224 9.9973e-06 9.99473e-06 9.99804e-06 9.999e-06 9.99956e-06 9.99979e-06 3.21884e-05 0.000217127 0.000840918 0.000926774 9.99643e-06 9.99436e-06 0.000234309 0.000377583 9.99664e-06 6.08514e-05 0.000517256 0.000669438 9.99833e-06 9.99668e-06 9.99554e-06 9.99821e-06 9.99837e-06 9.99582e-06 5.87965e-05 0.000253025 0.00167751 0.000147845 9.99879e-06 9.99575e-06 9.99827e-06 9.9995e-06 9.99748e-06 9.99888e-06 9.99568e-06 9.99719e-06 9.99586e-06 6.01044e-05 0.000226236 0.00031432 0.000393675 0.000425141 0.000627659 0.00125392 0.000149504 1.00003e-05 0.000151108
0.000965124 1.29244e-06 9.99781e-06 9.99692e-06 9.99524e-06 9.99786e-06 9.99461e-06 0.000236009 9.99664e-06 9.9984e-06 9.99583e-06 9.99448e-06 9.99863e-06 9.99961e-06 2.07329e-05 0.00014059 0.000556055 0.00123253 0.000198164 0.000126217 0.000265203 0.000388745 0.000246579 0.000169022 0.000426869 0.000606542 0.00044256 0.000446895 9.99655e-06 9.99771e-06 9.9996e-06 1.00019e-05 3.78738e-05 0.000510223 0.00172948 0.00019414 9.99822e-06 9.99581e-06 9.99554e-06 9.99468e-06 9.99839e-06 9.99968e-06 9.99472e-06 9.99783e-06 9.99723e-06 3.84597e-05 0.000150454 0.000312773 0.000416883 0.000479152 0.000607531 0.000999773 0.00108464 8.77092e-05 0.000805134
0.000880493 1.29244e-06 9.99656e-06 9.99537e-06 9.99881e-06 9.99938e-06 9.99562e-06 9.99561e-06 0.233062 9.99883e-06 9.99836e-06 9.99491e-06 9.99787e-06 9.99435e-06 1.34386e-05 9.12245e-05 0.000367472 0.00138893 0.00146 0.000247548 0.000327877 0.000421164 0.000403097 0.00036508 0.000456211 0.000586572 0.000570351 0.000563919 0.000568789 9.99542e-06 9.9987e-06 1.0002e-05 0.000153341 0.00149455 0.00117629 0.000287317 0.000225737 0.00021542 0.00019414 0.000147845 9.99845e-06 9.99441e-06 9.9953e-06 9.99601e-06 9.99812e-06 2.47161e-05 9.98917e-05 0.00029572 0.00042105 0.000507049 0.000609957 0.000860501 0.00101647 0.00110773 0.00108648
0.000705658 9.99913e-06 9.99926e-06 9.99814e-06 9.9953e-06 9.99617e-06 9.99608e-06 9.99596e-06 0.000157609 0.452461 9.99918e-06 9.99807e-06 9.99247e-06 9.99737e-06 1.00027e-05 5.93001e-05 0.000242891 0.000216204 0.00707622 0.00109743 0.000809777 0.000679759 0.000602152 0.000545357 0.000555741 0.000622311 0.000646724 0.000655807 0.0010251 0.000126116 1.83383e-05 0.000151659 0.000149698 0.00200101 0.000871867 0.00037755 0.000335028 0.000300747 0.000235839 9.42459e-05 9.99691e-06 9.99593e-06 9.99381e-06 9.99799e-06 9.9981e-06 1.59731e-05 6.63692e-05 0.000200805 0.000385714 0.000505037 0.000610255 0.000786388 0.000947081 0.00106879 0.00184145
0.000607643 9.99819e-06 9.99687e-06 9.99647e-06 1.00008e-05 9.99582e-06 9.99766e-06 9.9988e-06 5.04379e-05 0.000411986 9.99962e-06 9.99597e-06 9.99384e-06 9.99551e-06 1.00022e-05 3.8645e-05 0.000160651 0.00019089 9.24423e-05 0.000749199 0.000824521 1.00618 0.00161947 0.00828909 0.00216416 0.00244165 0.00272072 0.0114323 0.00217571 0.00141865 0.00144317 0.000255458 0.000628656 0.00225158 0.00071687 0.000428742 0.000356623 0.000238385 0.000162442 6.01044e-05 9.9973e-06 9.99847e-06 9.99794e-06 9.9951e-06 9.99721e-06 1.03989e-05 4.4176e-05 0.000225088 0.000376691 0.000500078 0.000608145 0.00074691 0.000893059 0.00102347 0.00149626
0.000501779 9.99543e-06 9.99233e-06 9.99571e-06 9.99818e-06 1.00007e-05 9.99774e-06 9.9955e-06 7.88572e-05 0.000265432 0.000592758 0.611008 9.99592e-06 9.99723e-06 9.9993e-06 2.48084e-05 0.000106272 0.00015287 0.000125691 0.000871585 1.42889 9.99901e-06 9.99892e-06 9.99816e-06 1.04009e-05 2.96992e-05 5.89707e-05 0.000108437 0.00980906 0.00314974 0.00240483 0.00158358 0.00119579 0.00275273 0.00116632 0.000419566 0.000278059 0.000181794 0.000111047 3.84597e-05 9.99888e-06 9.99571e-06 9.9926e-06 9.99598e-06 9.99923e-06 9.99899e-06 2.94258e-05 0.000147581 0.000343955 0.000483492 0.000599569 0.000722778 0.000854152 0.000982043 0.0121565
0.000384232 9.99527e-06 9.99908e-06 9.99617e-06 9.99549e-06 9.99498e-06 1.00036e-05 9.99815e-06 0.000123714 0.000265097 0.000343634 0.000348547 0.00052494 0.000657153 0.000765584 0.000861824 0.0010511 1.51118 0.000294428 9.99817e-06 9.99787e-06 9.99552e-06 9.99469e-06 9.99507e-06 1.59762e-05 4.29169e-05 8.07916e-05 0.00014652 0.000229012 0.000364779 0.00274773 0.00375725 0.00449802 0.0066767 0.0251223 0.0082388 0.000211191 0.000127603 5.38535e-05 7.54865e-05 9.99902e-06 9.99681e-06 9.99273e-06 9.9963e-06 9.99905e-06 9.99884e-06 1.96388e-05 9.69009e-05 0.000311175 0.000461285 0.00058527 0.00070395 0.0117859 0.0341183 0.01157
0.00024593 9.99594e-06 9.99595e-06 9.99602e-06 9.99538e-06 9.998e-06 9.99532e-06 1.00043e-05 0.000194287 0.000235968 0.00028312 0.000207537 0.000148436 0.000104533 6.65007e-05 3.23415e-05 0.000243965 9.99699e-06 9.99691e-06 9.99904e-06 9.99645e-06 9.99969e-06 9.9996e-06 9.99655e-06 2.47209e-05 6.17922e-05 0.000109604 0.000197635 0.000295969 0.00047504 0.000601721 0.000701191 0.000857396 0.00206659 0.00263801 1.02811 5.02811 9.46528e-05 5.17984e-05 4.82445e-05 9.99626e-06 9.99461e-06 9.99801e-06 9.99636e-06 9.99955e-06 9.99577e-06 1.31545e-05 6.38441e-05 0.000285297 0.00701391 0.0108211 0.0326062 0.0114718 0.000571868 0.00160517
3.7049e-05 9.99863e-06 9.99884e-06 9.99561e-06 9.99837e-06 9.99539e-06 9.99813e-06 9.99542e-06 0.000148019 9.44365e-05 0.000172238 0.000109731 6.99519e-05 4.47266e-05 4.64389e-05 0.454708 9.99708e-06 9.99983e-06 9.99775e-06 9.99989e-06 9.99533e-06 9.99916e-06 9.99525e-06 9.99685e-06 3.84671e-05 8.8361e-05 0.000146736 0.00026659 0.000377026 0.00052197 0.000619841 0.000702298 0.000918458 0.00297355 0.00310153 0.000137786 0.00944229 0.0284549 0.00957962 3.09562e-05 9.99733e-06 9.999e-06 9.99263e-06 9.99529e-06 9.99991e-06 9.99823e-06 9.9999e-06 0.0107619 0.0302015 0.00685071 0.00644409 0.00140016 9.99916e-06 0.00118623 0.00129483
3.47833e-05 1.69596e-11 9.99824e-06 9.99607e-06 9.9983e-06 9.99842e-06 9.99528e-06 9.99828e-06 9.99571e-06 9.99854e-06 9.99887e-06 9.99912e-06 9.99945e-06 9.9936e-06 9.99828e-06 0.000376099 9.99625e-06 9.99975e-06 9.99592e-06 9.99707e-06 9.99683e-06 9.99957e-06 9.99746e-06 9.99823e-06 6.01161e-05 0.000124987 0.000193056 0.000360454 0.000469459 0.000547974 0.000613585 0.000687529 0.00103363 1.01519 0.000271932 0.000116632 7.45424e-05 0.000165452 0.00963795 0.00970142 0.0097791 0.00987052 0.0295644 0.0101283 0.0102819 0.0105992 0.0106437 0.0311651 2.19049e-05 1.31435e-05 3.80547e-05 9.99494e-06 9.99258e-06 0.00790714 0.000147845
3.24948e-05 9.99674e-06 1.00012e-05 9.99912e-06 9.99562e-06 9.99548e-06 9.99509e-06 9.9954e-06 9.99542e-06 9.99862e-06 9.99889e-06 9.99909e-06 9.99948e-06 9.99551e-06 9.99838e-06 0.000235958 9.99582e-06 9.99538e-06 9.99689e-06 9.99916e-06 9.9975e-06 9.99477e-06 9.99688e-06 9.99937e-06 9.42643e-05 0.000173898 0.000248313 0.000377901 0.000458065 0.000517262 0.000576236 0.000663657 0.00125716 0.00394067 0.000254913 3.37267e-05 9.99904e-06 9.99956e-06 1.00044e-05 0.000195945 0.000293355 0.00036895 0.000435858 0.000539539 0.000651618 0.00120607 2.30582e-05 1.70111e-05 2.81967e-05 1.99345e-05 3.66876e-05 9.99932e-06 0.0017003 0.00176545 9.9973e-06
3.04503e-05 2.14059e-12 9.99819e-06 9.99881e-06 9.99819e-06 9.99518e-06 9.99492e-06 9.99538e-06 9.99881e-06 9.99606e-06 9.99526e-06 9.99847e-06 9.99881e-06 9.99564e-06 0.266281 9.99942e-06 9.99768e-06 9.99547e-06 9.99672e-06 9.99917e-06 9.99588e-06 9.99644e-06 9.99872e-06 9.99553e-06 0.000147874 0.000235549 0.000309862 0.000370008 0.000418723 0.000464615 0.000529188 0.000650954 0.00166806 0.00335126 0.000265009 5.24858e-05 1.00019e-05 1.00032e-05 1.19031e-05 0.000150452 0.000237509 0.000310892 0.000380614 0.000531376 0.000660802 0.000766573 2.74427e-05 2.61988e-05 2.71666e-05 3.07719e-05 2.45936e-05 1.60043e-05 0.00169217 9.99661e-06 9.99526e-06
2.85001e-05 1.71229e-12 9.99734e-06 9.9973e-06 1.00042e-05 9.99872e-06 9.99531e-06 9.99836e-06 9.99585e-06 9.99903e-06 9.99539e-06 9.99263e-06 9.99507e-06 0.44725 9.9989e-06 9.99955e-06 9.99772e-06 9.99969e-06 9.99721e-06 9.99726e-06 9.99695e-06 9.99673e-06 9.99583e-06 9.99877e-06 9.99851e-06 0.000148168 0.000236787 0.000296774 0.000342457 0.000392164 0.000483095 0.000668738 0.00237307 0.00239227 0.000277204 8.18699e-05 9.99628e-06 1.26444e-05 1.40557e-05 1.4171e-05 0.000150469 0.000237154 0.000319035 0.000563005 0.000686141 4.59816e-05 2.7571e-05 4.07107e-05 4.22588e-05 3.30234e-05 1.61677e-05 0.00159299 1.00746 9.99944e-06 9.99668e-06
0.000319517 7.07211e-09 0.000105175 9.99702e-06 9.99549e-06 1.00017e-05 9.99605e-06 9.99882e-06 9.99631e-06 9.99915e-06 9.99829e-06 9.99661e-06 9.9986e-06 0.000235959 9.99465e-06 9.99747e-06 9.9988e-06 9.99798e-06 9.99642e-06 9.99706e-06 9.99769e-06 9.9951e-06 9.99788e-06 9.99856e-06 9.9957e-06 1.00047e-05 0.000150958 0.000204986 0.000247854 0.000312336 0.000456978 0.000742049 0.00205742 0.00227984 0.000286679 0.000127795 1.1694e-05 1.72885e-05 1.44818e-05 1.32897e-05 1.19879e-05 0.00014956 0.000255811 0.000668827 6.66292e-05 6.00076e-05 5.66106e-05 5.08118e-05 4.24366e-05 2.07186e-05 1.89906e-05 0.00711726 3.72948e-05 9.99882e-06 9.99639e-06
