test/known_good_answers/boscastle50m_72hr_u_flipped_lr/WaterDepths3360.asc
ncols	120
nrows	60
xllcorner	209000
yllcorner	89000
cellsize	50
NODATA_value	-9999
[rows 0 to 23 of 60, columns 55 to 109 of 120]
9.99971e-06 9.99842e-06 9.99892e-06 9.99903e-06 9.99512e-06 9.99853e-06 9.99987e-06 9.99871e-06 9.9989e-06 9.99834e-06 1.00019e-05 9.99823e-06 9.99793e-06 9.99559e-06 0.00185327 0.00333691 0.01 1.00016e-05 0.01 9.99855e-06 9.99804e-06 0.000235949 0.000376089 0.000560771 0.000980204 0.00110014 0.00574493 0.00120622 0.000762526 0.01 0.01 0.01 0.01 0.01 0.01 0.01 0.00998781 0.00985587 0.00968455 0.00949991 0.00930014 0.00908791 0.00894863 0.00882222 0.00864557 0.0084528 0.00829253 0.00811099 0.0078397 0.00753647 0.00729195 0.00707228 0.00678878 0.0064491 0.00604772
9.99569e-06 1.84809e-05 2.38239e-05 1.55176e-05 1.0228e-05 9.99941e-06 9.99887e-06 9.996e-06 9.99321e-06 9.99874e-06 1.27621e-05 1.91246e-05 1.26517e-05 0.00161049 0.00178926 0.00227387 9.86526e-05 9.99837e-06 9.99754e-06 9.99793e-06 9.99858e-06 9.99639e-06 9.99828e-06 0.000172143 0.000568632 0.000154495 1.80837e-05 2.69881e-05 0.000919122 0.010249 0.0101799 0.0101915 0.010439 0.0105567 0.0105958 0.01047 0.0100509 0.00985734 0.00968454 0.0094999 0.00930009 0.00907565 0.00894744 0.00882455 0.00864555 0.00844884 0.00829255 0.008116 0.00783965 0.00752668 0.00728837 0.00707337 0.00678885 0.00644909 0.00604658
0.000367093 0.000231272 0.000146052 0.000194693 0.000216437 0.000138123 8.82003e-05 5.64124e-05 3.61825e-05 2.33002e-05 1.14336e-05 0.000148109 0.00181898 0.00154208 0.0018976 0.00091167 0.000155224 9.99519e-06 9.99904e-06 9.99539e-06 9.99975e-06 9.99615e-06 9.99672e-06 9.43121e-05 0.00031707 3.02789e-05 3.70019e-05 3.35867e-05 0.000200815 0.000239923 0.00016561 0.000113445 0.010992 0.0112053 0.0118372 0.0112235 9.99808e-06 9.99926e-06 9.99828e-06 9.99272e-06 9.99807e-06 0.00901248 0.00894413 0.00883553 0.00864551 0.00843037 0.00829262 0.00813924 0.00783954 0.00748048 0.00727456 0.00707865 0.00678912 0.00644907 0.00604267
3.77997e-05 0.000380317 0.000538828 0.00044718 0.000405279 0.000356097 0.000497244 0.000386177 0.000320109 0.000282121 0.000260495 0.00176301 0.00172493 0.00116037 0.000776876 0.00076384 8.60977e-05 1.00008e-05 9.99927e-06 9.99593e-06 9.99907e-06 9.99958e-06 9.99704e-06 0.00014795 9.43962e-05 6.22355e-05 4.20003e-05 2.86495e-05 0.000152441 9.74295e-05 6.23088e-05 3.99844e-05 0.000410529 0.000749486 0.0152056 2.78026e-05 9.99753e-06 9.99829e-06 9.99524e-06 9.99706e-06 9.99783e-06 9.99959e-06 9.99869e-06 0.000376089 9.99813e-06 0.00836477 0.00829272 0.00821959 9.99761e-06 0.00730802 0.00724976 0.00709835 0.00678946 0.00644905 0.00603798
1.00024e-05 9.99589e-06 5.51061e-05 0.000557469 0.000539142 0.000508682 0.000388307 0.000752824 0.00151219 0.00194684 0.00224541 0.00159894 0.00161992 0.00023161 9.99296e-06 9.99592e-06 9.99823e-06 9.99978e-06 9.99805e-06 9.9995e-06 9.99644e-06 9.99769e-06 9.99707e-06 9.99601e-06 9.99541e-06 1.29919e-05 1.17877e-05 1.00012e-05 1.00016e-05 9.99585e-06 9.99627e-06 9.99906e-06 0.000641958 0.000942838 0.00252481 4.30107e-05 9.99854e-06 9.99496e-06 9.99331e-06 9.9958e-06 9.99452e-06 9.99761e-06 9.99788e-06 0.000235949 9.99828e-06 9.99673e-06 9.99967e-06 9.99916e-06 9.99854e-06 0.00726892 0.00724925 0.00717735 9.99582e-06 9.99331e-06 9.99628e-06
1.25531e-05 1.0002e-05 1.0001e-05 3.71109e-05 0.000634288 0.000967645 0.00117087 0.00132405 0.000931006 0.000692386 0.00052622 0.000672867 7.64596e-05 9.9979e-06 9.99299e-06 9.99909e-06 9.9998e-06 9.99619e-06 9.99666e-06 9.99845e-06 9.99474e-06 9.99958e-06 9.99476e-06 9.99891e-06 2.8937e-05 1.94798e-05 1.00052e-05 9.99648e-06 9.99909e-06 9.9964e-06 9.99283e-06 9.99569e-06 0.00101485 0.0011266 0.00205757 6.69016e-05 9.99981e-06 9.99963e-06 9.99418e-06 9.99275e-06 9.99829e-06 9.99836e-06 9.99502e-06 9.99872e-06 9.99143e-06 9.99507e-06 9.99748e-06 9.99645e-06 9.99435e-06 0.0072643 0.00725834 9.99447e-06 9.99808e-06 9.99275e-06 9.99433e-06
0.000153197 9.84602e-05 6.33788e-05 8.26424e-05 0.000118514 0.00018451 0.000385979 0.0003227 0.000285019 0.000263263 0.000170042 0.000170668 1.26252e-05 9.99534e-06 9.9988e-06 9.99617e-06 9.99554e-06 9.99606e-06 9.99603e-06 9.99442e-06 9.99453e-06 9.99872e-06 9.99593e-06 1.00002e-05 2.66985e-05 8.32031e-05 0.000168921 0.000203866 0.000401963 0.000593493 0.00152321 0.00206222 0.00154648 0.00115812 0.00137177 0.000887277 9.99827e-06 9.99474e-06 9.99275e-06 9.99025e-06 9.99784e-06 9.99866e-06 9.99506e-06 9.99887e-06 9.99331e-06 9.9958e-06 9.99451e-06 9.99889e-06 9.99752e-06 9.99751e-06 0.00725842 9.99808e-06 9.9943e-06 9.99025e-06 9.99275e-06
0.000200726 0.000376399 4.99843e-05 5.17837e-05 5.48099e-05 6.01934e-05 7.77368e-05 4.99015e-05 3.21979e-05 2.09129e-05 2.2209e-05 9.99851e-06 9.99931e-06 9.99999e-06 9.99676e-06 9.99716e-06 9.99905e-06 9.99828e-06 9.99917e-06 9.99631e-06 9.99574e-06 9.99592e-06 9.99771e-06 0.000148789 0.000428109 0.000672856 0.000982019 0.00110077 0.00113507 0.00154702 0.0011886 0.000966243 0.000831555 0.000584074 0.000433075 0.000461923 9.99533e-06 9.99921e-06 9.99433e-06 9.9943e-06 9.99025e-06 9.99275e-06 9.99431e-06 9.9977e-06 9.99275e-06 9.99025e-06 9.99653e-06 9.99917e-06 9.99443e-06 9.99609e-06 9.99878e-06 9.99275e-06 9.99025e-06 9.9943e-06 9.99808e-06
0.000221819 0.000595356 3.21961e-05 9.99925e-06 9.99817e-06 9.99578e-06 9.99894e-06 9.9981e-06 9.99825e-06 9.99949e-06 9.99986e-06 9.99647e-06 9.99647e-06 9.99433e-06 9.99601e-06 9.9959e-06 9.9993e-06 9.99705e-06 9.99856e-06 9.99995e-06 9.99604e-06 9.99512e-06 9.99788e-06 0.000147844 0.000235407 0.000309193 0.000375325 0.000692511 0.000969222 0.000767328 0.000666697 0.000615148 0.000584334 0.00083027 0.000572717 0.000886734 0.000105418 9.99631e-06 9.99845e-06 9.99817e-06 9.99468e-06 9.99674e-06 9.99836e-06 9.99482e-06 9.99793e-06 9.99653e-06 9.99593e-06 9.99832e-06 9.99117e-06 9.99943e-06 9.99149e-06 9.99375e-06 9.99436e-06 9.99603e-06 9.99749e-06
0.000643091 0.000437506 2.0848e-05 9.9977e-06 9.99741e-06 9.99871e-06 9.99903e-06 9.99655e-06 9.99907e-06 9.9976e-06 9.99409e-06 9.99532e-06 9.99532e-06 9.99409e-06 9.99731e-06 9.99441e-06 9.99589e-06 9.99909e-06 9.99838e-06 9.99944e-06 9.9955e-06 9.9988e-06 9.99791e-06 9.99578e-06 0.000147844 0.000235407 0.000309193 0.000335364 0.000379908 0.000418278 0.000446033 0.000450481 0.00044109 0.000349127 0.000999315 0.00152431 0.00161022 9.99636e-06 9.99433e-06 9.99615e-06 9.99631e-06 9.99581e-06 9.9953e-06 9.99957e-06 9.99949e-06 9.99514e-06 9.99774e-06 9.99995e-06 9.99971e-06 9.99771e-06 9.9951e-06 9.99938e-06 9.99884e-06 9.99964e-06 9.99939e-06
0.000891812 0.000278387 1.35407e-05 9.9983e-06 9.99873e-06 9.99822e-06 9.99446e-06 9.99982e-06 9.99825e-06 9.99715e-06 9.99746e-06 9.996e-06 9.99433e-06 9.99731e-06 9.99703e-06 9.9977e-06 9.996e-06 9.99723e-06 9.9981e-06 9.99781e-06 9.99994e-06 9.99806e-06 9.99855e-06 9.99675e-06 9.99792e-06 0.000147844 0.000235407 0.000216963 0.000292317 0.000331031 0.000351716 0.000330631 0.000303159 0.000442207 0.00038313 0.000649861 0.00198667 0.00209867 0.00135796 0.00136536 9.99458e-06 9.99587e-06 9.99623e-06 9.99447e-06 9.99807e-06 9.994e-06 9.99556e-06 9.99487e-06 9.997e-06 9.9961e-06 9.99667e-06 9.99791e-06 9.99473e-06 0.0588454 0.0588477
0.000644591 0.000177266 1.00014e-05 9.99877e-06 9.99905e-06 9.99792e-06 9.99876e-06 9.99955e-06 9.9977e-06 9.99938e-06 9.99891e-06 9.99821e-06 9.99588e-06 9.996e-06 9.99433e-06 9.99025e-06 9.99433e-06 9.99914e-06 9.99545e-06 9.99716e-06 9.99781e-06 9.99521e-06 9.99992e-06 9.99968e-06 9.99801e-06 9.99645e-06 0.000147844 0.000194139 0.000215419 0.000225736 0.000230839 0.000146755 9.33628e-05 5.95535e-05 0.000160272 0.000199675 0.000218076 0.000227045 0.00148907 0.00235043 0.00231306 0.000368154 9.99553e-06 9.99444e-06 9.9964e-06 9.99863e-06 9.99982e-06 9.99681e-06 9.99775e-06 9.99703e-06 9.9998e-06 9.99467e-06 9.99812e-06 0.0588404 9.99885e-06
0.000427887 0.000113093 9.99902e-06 9.99902e-06 9.99841e-06 9.9961e-06 9.99875e-06 9.99176e-06 9.99743e-06 9.99939e-06 9.99683e-06 9.99925e-06 9.99751e-06 9.99493e-06 9.996e-06 9.99552e-06 9.99242e-06 9.99433e-06 9.99914e-06 9.99545e-06 9.9981e-06 9.99481e-06 9.99652e-06 9.99491e-06 9.99855e-06 9.99493e-06 9.99533e-06 9.99669e-06 9.99944e-06 9.99491e-06 9.99887e-06 9.99673e-06 9.99838e-06 9.99488e-06 9.995e-06 9.99618e-06 9.99789e-06 9.99752e-06 9.99923e-06 0.000147844 0.00239615 0.00257239 0.000147844 9.99553e-06 9.99208e-06 9.99928e-06 9.99974e-06 9.99759e-06 9.99504e-06 9.99491e-06 9.99761e-06 0.239411 9.99961e-06 9.99816e-06 9.99969e-06
0.000258479 0.000194417 0.000197764 9.99814e-06 9.99499e-06 9.9959e-06 9.99457e-06 9.997e-06 9.99597e-06 9.99797e-06 9.99633e-06 9.99803e-06 9.99899e-06 9.99751e-06 9.99589e-06 9.99435e-06 9.99966e-06 9.99335e-06 9.99433e-06 9.99914e-06 9.99723e-06 9.99565e-06 9.99814e-06 9.99481e-06 9.9999e-06 9.99455e-06 9.99958e-06 9.99499e-06 9.99659e-06 9.99877e-06 9.99632e-06 9.99837e-06 9.99839e-06 9.99546e-06 9.99804e-06 9.99986e-06 9.99301e-06 9.99349e-06 9.99642e-06 9.99674e-06 9.99162e-06 0.0016537 0.00174867 9.99731e-06 9.99759e-06 9.99916e-06 9.99955e-06 9.99699e-06 0.000235949 0.236615 0.236608 9.99757e-06 9.99554e-06 9.99986e-06 9.99711e-06
0.00102766 0.0359007 2.02849 3.02849 9.9986e-06 9.99823e-06 9.99554e-06 9.99721e-06 9.99577e-06 9.99634e-06 9.99955e-06 9.99894e-06 9.99515e-06 9.99703e-06 9.99504e-06 9.99916e-06 9.99436e-06 9.99798e-06 9.99918e-06 9.99433e-06 9.996e-06 9.99746e-06 9.99956e-06 9.99831e-06 9.99753e-06 9.99535e-06 9.99509e-06 9.99422e-06 9.99602e-06 9.99539e-06 9.9992e-06 9.99156e-06 9.99228e-06 9.99687e-06 9.99856e-06 9.99635e-06 9.99619e-06 9.9996e-06 9.9961e-06 9.99637e-06 0.000147844 0.00109958 0.00147745 0.000972192 0.00121444 1.47508 2.47508 3.47508 9.99546e-06 9.9943e-06 9.99866e-06 9.99827e-06 9.99699e-06 9.99892e-06 9.99325e-06
1.0355 0.00846728 0.0284645 0.0139128 0.0499679 3.03893 3.03893 2.03893 0.000123541 0.000194139 0.000147844 9.99882e-06 9.99686e-06 9.99777e-06 9.99957e-06 9.99547e-06 9.99915e-06 9.99433e-06 9.99025e-06 9.99275e-06 9.99079e-06 9.99884e-06 9.99626e-06 9.99499e-06 9.99775e-06 9.99857e-06 9.99773e-06 9.99852e-06 9.99803e-06 9.9992e-06 9.99025e-06 9.99938e-06 9.99668e-06 9.9953e-06 9.99749e-06 9.99934e-06 9.99905e-06 9.99661e-06 0.000235949 0.000376089 0.000547603 0.00141555 1.01116 1.01116 0.00276375 3.47508 1.47508 0.475084 9.99551e-06 9.99773e-06 9.9992e-06 9.99925e-06 9.99749e-06 9.99601e-06 9.9976e-06
0.00303261 9.99698e-06 9.994e-06 9.99459e-06 9.99545e-06 9.99906e-06 0.000228334 0.0143428 0.0144396 1.05139 0.0399073 0.0147646 0.000147844 9.99704e-06 9.99652e-06 9.9981e-06 9.99724e-06 9.99601e-06 9.99493e-06 9.99344e-06 9.99433e-06 9.99601e-06 9.99989e-06 9.99778e-06 9.99685e-06 9.99785e-06 9.99885e-06 9.99622e-06 9.998e-06 9.99862e-06 9.9992e-06 9.99987e-06 9.99448e-06 9.99807e-06 9.99714e-06 9.99916e-06 0.000309592 0.215005 9.99563e-06 9.99934e-06 9.99968e-06 9.99162e-06 9.99654e-06 9.99996e-06 9.99507e-06 9.99793e-06 9.9984e-06 0.0117459 9.9982e-06 9.99554e-06 9.99982e-06 9.99937e-06 9.99909e-06 9.99896e-06 9.99688e-06
9.99649e-06 9.99743e-06 9.99439e-06 9.99472e-06 9.99503e-06 9.99853e-06 0.000220687 0.000337466 0.000399964 0.000399061 0.000379629 0.0275505 0.951352 2.95135 0.951351 9.99823e-06 9.99799e-06 9.99746e-06 9.99986e-06 9.99436e-06 9.99915e-06 9.99724e-06 9.99673e-06 9.99566e-06 9.9963e-06 9.99765e-06 9.99873e-06 9.99948e-06 9.99461e-06 9.99807e-06 9.99613e-06 9.99574e-06 9.99561e-06 9.99978e-06 0.000219017 0.246262 0.000147844 9.99841e-06 9.99722e-06 9.99704e-06 9.9967e-06 9.99611e-06 9.99909e-06 9.998e-06 9.99938e-06 9.99228e-06 9.9964e-06 0.0117022 9.99638e-06 9.99586e-06 9.99586e-06 9.99465e-06 9.9949e-06 9.99927e-06 9.99841e-06
9.9985e-06 9.99493e-06 9.99491e-06 9.99524e-06 9.99771e-06 9.99579e-06 0.000205078 0.000310155 0.000334661 0.000263461 0.000215232 0.000184272 0.000462848 0.00170529 1.95135 2.95135 9.99479e-06 9.99714e-06 9.99331e-06 9.99992e-06 9.99678e-06 9.99967e-06 9.99854e-06 9.99564e-06 9.9997e-06 9.9972e-06 9.99544e-06 9.99495e-06 0.000261939 0.00255792 0.000418802 0.118257 1.11826 0.00071066 0.0002159 9.99726e-06 9.99488e-06 9.99479e-06 9.99683e-06 9.99785e-06 9.99635e-06 9.99972e-06 9.99885e-06 9.99603e-06 9.9958e-06 9.99772e-06 9.99964e-06 0.0116585 9.99746e-06 9.99821e-06 9.99629e-06 9.99436e-06 9.99805e-06 9.99588e-06 9.99809e-06
9.99966e-06 9.99546e-06 9.99577e-06 9.99791e-06 9.99943e-06 9.99806e-06 0.000172119 0.000265957 0.000214054 0.000176618 0.000157529 0.000147508 0.000668357 4.01007 0.000112861 3.95135 9.99678e-06 9.99697e-06 9.99682e-06 9.99647e-06 9.99887e-06 9.99613e-06 9.99432e-06 9.99584e-06 9.99667e-06 9.99919e-06 9.99803e-06 0.868873 7.17178e-05 1.68035e-05 9.99588e-06 9.99963e-06 1.79863e-05 0.000524125 0.000195133 9.9948e-06 9.99912e-06 9.99939e-06 9.99616e-06 9.99515e-06 9.99934e-06 9.99467e-06 9.99943e-06 9.99983e-06 9.99767e-06 9.99877e-06 9.99485e-06 0.0116149 9.99348e-06 9.99766e-06 9.99333e-06 9.99805e-06 9.99771e-06 9.99792e-06 9.99662e-06
9.99593e-06 9.99682e-06 9.99529e-06 9.99578e-06 9.99727e-06 9.99925e-06 9.42456e-05 0.000197661 0.00015114 0.000131753 0.000134592 0.000134654 0.00101991 0.00224084 9.99971e-06 1.00016e-05 0.242274 9.99887e-06 9.99614e-06 9.99737e-06 9.99579e-06 9.99516e-06 9.99466e-06 9.99589e-06 9.99627e-06 1.01684 4.01684 0.00495054 0.000108143 2.57081e-05 9.99568e-06 9.99917e-06 2.76605e-05 0.000310729 0.000150072 9.99881e-06 9.99874e-06 9.99898e-06 9.99485e-06 9.99856e-06 9.99612e-06 9.99857e-06 9.99965e-06 9.99821e-06 9.99502e-06 9.99843e-06 3.02709 0.0115712 9.99967e-06 9.99531e-06 9.99725e-06 9.99435e-06 9.99076e-06 9.99974e-06 9.99433e-06
9.99565e-06 9.99806e-06 9.99939e-06 9.99809e-06 9.998e-06 9.99558e-06 0.000147844 0.000102346 9.23695e-05 0.000108404 0.000135163 0.000132431 0.00158808 0.00168679 1.26833e-05 1.00035e-05 1.00049e-05 9.9987e-06 0.000236564 0.00038499 0.00360936 0.000901583 0.000619036 0.00136658 0.0212985 1.01684 0.000392771 0.000323985 0.000163349 3.96011e-05 1.00044e-05 9.99334e-06 9.99864e-06 2.38611e-05 1.85591e-05 9.99892e-06 9.99519e-06 9.99814e-06 9.99595e-06 9.99774e-06 9.99889e-06 9.99374e-06 9.99274e-06 9.99459e-06 9.99743e-06 9.99724e-06 4.02709 0.00590423 9.99296e-06 9.99843e-06 9.99711e-06 9.99601e-06 9.99686e-06 9.99532e-06 9.99532e-06
9.99674e-06 9.99976e-06 9.99897e-06 9.99568e-06 9.99656e-06 9.9952e-06 9.99792e-06 3.84628e-05 7.98628e-05 0.000121439 0.00015741 0.000127396 0.00981916 0.00015377 2.58504e-05 9.99635e-06 9.99612e-06 9.99858e-06 1.00014e-05 3.90115e-05 0.000251853 0.000377245 0.00697084 1.00508 0.00379794 0.00031508 0.000332467 0.00032752 0.0002466 6.13398e-05 1.00017e-05 9.99366e-06 9.99854e-06 9.99986e-06 2.80899e-05 9.99623e-06 9.9944e-06 9.99997e-06 9.99467e-06 9.99641e-06 9.99806e-06 9.99791e-06 9.99989e-06 9.99823e-06 0.00714897 0.0221334 0.0045836 0.0268983 0.00213338 1.00025e-05 1.04046e-05 9.99747e-06 9.99704e-06 9.99732e-06 9.9986e-06
9.99527e-06 9.99961e-06 9.99479e-06 9.99831e-06 9.9982e-06 9.99822e-06 9.99633e-06 6.01089e-05 0.000110779 0.000154905 0.000187449 9.07217e-05 0.00237167 1.93475e-05 3.96e-05 9.99937e-06 9.99912e-06 9.99562e-06 9.99845e-06 6.06129e-05 0.000257054 0.000365504 0.000394467 0.000431516 0.00348231 0.000129716 0.000186484 0.000265518 0.000236513 9.54304e-05 9.996e-06 1.00021e-05 9.99892e-06 9.99838e-06 2.6153e-05 9.99539e-06 9.99756e-06 9.9998e-06 9.99269e-06 9.99331e-06 9.99857e-06 9.99811e-06 9.99545e-06 9.99745e-06 7.02271 0.000185038 2.08194e-05 0.00616039 0.0020724 0.00234339 0.000147025 9.99596e-06 9.99627e-06 9.99514e-06 9.996e-06
