test/known_good_answers/boscastle50m_72hr_u_flipped_lr/WaterDepths3600.asc
ncols	120
nrows	60
xllcorner	209000
yllcorner	89000
cellsize	50
NODATA_value	-9999
[rows 24 to 47 of 60, columns 0 to 54 of 120]
9.9985e-06 9.88131e-324 9.30328e-05 9.99813e-06 9.99519e-06 9.99548e-06 9.99827e-06 9.99548e-06 9.99349e-06 9.99297e-06 9.99794e-06 9.99515e-06 0.450453 9.9999e-06 9.99553e-06 9.99941e-06 9.99857e-06 9.99746e-06 9.99891e-06 9.99592e-06 9.99888e-06 9.99901e-06 9.99748e-06 9.99949e-06 9.99901e-06 9.99924e-06 1.77849e-05 4.46749e-05 9.58074e-05 0.00019177 0.000396325 0.000749724 0.00248255 0.00029033 0.00023277 0.000166792 1.43563e-05 2.15046e-05 9.99847e-06 1.00013e-05 1.00016e-05 1.00017e-05 0.000163483 0.000360714 0.000114162 4.2771e-05 4.28812e-05 3.5779e-05 2.61452e-05 2.22063e-05 1.93647e-05 0.00124543 4.86515e-05 9.99513e-06 9.99736e-06
9.99754e-06 8.05482e-181 9.99906e-06 9.99758e-06 9.9959e-06 1.00042e-05 9.99526e-06 9.99885e-06 9.99634e-06 9.99853e-06 9.99519e-06 9.99826e-06 0.000267585 9.99436e-06 9.9999e-06 9.99437e-06 9.99549e-06 9.99912e-06 9.99594e-06 9.99951e-06 9.99656e-06 9.99896e-06 9.99629e-06 9.99644e-06 9.99941e-06 1.00016e-05 2.59711e-05 6.39862e-05 0.000134237 0.0002657 0.000473263 0.000970951 0.00208066 0.00023195 0.000166649 0.000129536 2.22143e-05 2.08317e-05 1.27716e-05 9.99851e-06 9.99924e-06 9.99879e-06 0.000124464 0.000163173 0.000103735 6.59365e-05 4.20129e-05 2.68525e-05 1.30915e-05 1.82818e-05 0.000115428 0.00117947 7.64184e-05 9.9953e-06 9.99978e-06
9.9985e-06 9.88131e-324 9.99872e-06 9.99821e-06 9.99811e-06 9.9981e-06 9.99532e-06 9.99859e-06 9.99597e-06 9.99853e-06 9.99817e-06 4.74578 0.00013622 9.99648e-06 9.99717e-06 9.99985e-06 9.9963e-06 9.99677e-06 9.99459e-06 9.99901e-06 9.99939e-06 9.99684e-06 9.99568e-06 9.99988e-06 1.00024e-05 1.19757e-05 3.80676e-05 9.16041e-05 0.000187564 0.000367369 0.0005646 0.00130706 0.00149663 0.000164863 1.33721e-05 1.78552e-05 2.27786e-05 2.68811e-05 2.61657e-05 9.99965e-06 9.99815e-06 9.99794e-06 9.99506e-06 9.99508e-06 9.99926e-06 9.99761e-06 9.99739e-06 9.99782e-06 1.00002e-05 2.2506e-05 0.000890408 0.00108206 0.000120301 9.99949e-06 9.99971e-06
9.99928e-06 9.88131e-324 9.99778e-06 9.99594e-06 9.99538e-06 9.99553e-06 9.99525e-06 9.99839e-06 9.99865e-06 9.99851e-06 1.01482 0.0051655 0.000194419 9.99732e-06 9.99918e-06 9.99596e-06 9.99951e-06 9.99934e-06 9.9974e-06 9.99694e-06 9.99792e-06 9.99963e-06 9.99968e-06 9.99557e-06 9.99938e-06 1.66513e-05 5.60417e-05 0.000130925 0.000261118 0.000422736 0.000659056 0.00182651 0.000309262 0.000125487 1.0002e-05 1.12291e-05 1.73693e-05 2.67514e-05 4.09682e-05 9.99997e-06 9.99578e-06 9.99565e-06 9.99557e-06 9.99885e-06 9.99989e-06 9.99656e-06 9.99684e-06 9.99266e-06 1.00022e-05 1.00022e-05 0.000845105 0.000281311 0.000189468 9.9972e-06 9.99926e-06
9.99757e-06 9.88131e-324 9.99968e-06 9.99603e-06 9.99854e-06 9.99544e-06 1.00039e-05 9.99832e-06 9.99567e-06 3.01338 0.00391911 0.000519516 0.000306997 9.99587e-06 9.999e-06 9.9952e-06 9.99891e-06 9.99534e-06 9.99903e-06 9.99781e-06 9.99573e-06 9.99684e-06 9.99631e-06 9.99731e-06 1.32304e-05 2.2655e-05 8.31686e-05 0.000186536 0.000361622 0.000474329 0.000791221 0.0014028 0.000353727 1.00027e-05 9.99834e-06 9.9958e-06 9.9997e-06 4.16607e-05 4.03238e-05 9.99897e-06 9.99921e-06 9.99926e-06 9.99902e-06 9.99933e-06 9.99989e-06 9.99532e-06 9.99493e-06 9.99607e-06 9.99908e-06 9.99592e-06 0.00065842 0.000252852 0.000180831 9.99821e-06 9.99717e-06
9.99828e-06 9.88131e-324 9.99734e-06 9.99857e-06 9.99875e-06 9.99824e-06 9.99823e-06 9.99833e-06 1.00543 0.00350488 0.000669417 0.000620304 0.000485048 7.42963e-05 9.99969e-06 9.99524e-06 9.99572e-06 9.99453e-06 9.99771e-06 9.99485e-06 9.9961e-06 9.99474e-06 9.99587e-06 9.99642e-06 2.05603e-05 2.97398e-05 0.000124588 0.00026427 0.000412738 0.000492612 0.00099238 0.000957426 0.000124767 1.35642e-05 9.99979e-06 9.99502e-06 9.99985e-06 9.99788e-06 6.27465e-05 1.00001e-05 9.99922e-06 9.99825e-06 9.99675e-06 9.99867e-06 9.99912e-06 9.99801e-06 9.99176e-06 9.99993e-06 9.99737e-06 9.99848e-06 0.000463317 0.000199042 0.000162999 9.99827e-06 9.99919e-06
9.99812e-06 9.88131e-324 9.99727e-06 9.9984e-06 9.9957e-06 9.99822e-06 0.000809025 0.00513704 0.000760783 0.0117076 0.000642788 0.000669754 0.00068369 0.000681459 9.99834e-06 9.9952e-06 9.99673e-06 9.99873e-06 9.99848e-06 9.99631e-06 9.99505e-06 9.99873e-06 9.99511e-06 9.99884e-06 3.20993e-05 3.69036e-05 0.000188683 0.000370692 0.000453055 0.000483367 0.000677112 0.000855107 1.18288e-05 1.00028e-05 9.99838e-06 9.99747e-06 9.99538e-06 9.99949e-06 6.24072e-05 1.00019e-05 9.99866e-06 9.99676e-06 9.99876e-06 9.99778e-06 9.99744e-06 9.99687e-06 9.99975e-06 9.99723e-06 9.99441e-06 9.99176e-06 0.000264945 8.25049e-05 0.000124167 9.99787e-06 9.99812e-06
9.99723e-06 9.88131e-324 9.99964e-06 0.000198013 0.00032229 0.00063973 0.000738877 0.000391297 0.000280273 0.00243082 0.000534951 0.000577996 0.000610069 0.000622031 0.000622809 9.99517e-06 9.99634e-06 9.99554e-06 9.99566e-06 9.99891e-06 9.99865e-06 9.9973e-06 9.9961e-06 9.9959e-06 5.02932e-05 4.05142e-05 0.000288967 0.000428184 0.000442359 0.000424895 0.000778392 0.000268572 1.41012e-05 1.33894e-05 9.99513e-06 9.99945e-06 9.99881e-06 9.99494e-06 6.16492e-05 9.99892e-06 9.99446e-06 9.99367e-06 9.99433e-06 9.99721e-06 9.99185e-06 9.99547e-06 9.99999e-06 9.99996e-06 9.99508e-06 0.425579 8.35083e-05 2.05668e-05 9.99758e-06 9.99597e-06 9.99554e-06
0.01 9.96403e-07 9.9963e-06 9.99596e-06 3.20973e-05 0.000383209 0.000132535 0.0002723 0.000347042 0.00214703 0.000399522 0.000459503 0.000516631 0.000541529 0.000543193 0.000527159 1.34648e-05 2.07989e-05 9.99473e-06 9.99737e-06 9.9922e-06 9.99953e-06 9.99783e-06 9.99668e-06 7.90174e-05 0.000335736 0.000357552 0.000463185 0.000362583 0.000306775 0.000486416 8.95864e-05 2.17801e-05 1.24984e-05 9.99839e-06 9.99649e-06 9.99765e-06 9.99196e-06 6.09077e-05 9.99519e-06 9.99986e-06 9.99185e-06 9.99721e-06 9.98932e-06 9.99435e-06 9.99433e-06 9.99292e-06 9.99518e-06 9.99873e-06 0.000408825 0.000126025 3.21057e-05 9.99514e-06 9.9966e-06 9.99605e-06
9.99923e-06 6.73785e-13 9.99938e-06 9.99877e-06 5.029e-05 0.00020636 0.00027429 0.000278971 0.000315884 0.00188436 0.000221318 0.000296909 0.000400798 0.00045416 0.000474956 0.000438812 0.000473539 0.000256015 9.99833e-06 9.99775e-06 9.99881e-06 9.99977e-06 9.9987e-06 9.99579e-06 0.000124169 0.000197703 0.000274417 0.000474283 0.000101254 0.000102169 0.000198754 5.58953e-05 3.38779e-05 1.16137e-05 9.9982e-06 9.99622e-06 9.99588e-06 0.000124166 6.01825e-05 6.11164e-05 9.99806e-06 9.99441e-06 9.99185e-06 9.99435e-06 9.99916e-06 9.99735e-06 9.99472e-06 9.99728e-06 0.39923 0.000252658 0.000189821 5.0298e-05 9.9973e-06 9.99995e-06 9.99539e-06
9.9978e-06 1.50953e-10 9.99604e-06 9.99902e-06 7.9014e-05 0.000197923 0.000222308 0.000157343 0.000241513 0.001694 0.000126349 0.000165859 0.000232308 0.000336053 0.000421692 0.000301588 0.000221873 0.000124166 9.9984e-06 9.99828e-06 9.99745e-06 9.99891e-06 9.99543e-06 9.99786e-06 9.99938e-06 0.000124369 0.000230769 0.000217666 0.000144264 0.000101543 0.000146281 5.03354e-05 3.25493e-05 1.05396e-05 9.98932e-06 9.99721e-06 0.00126326 0.00173664 0.00197598 0.00213018 1.00969 2.00969 0.00154825 0.00155417 9.99679e-06 9.99786e-06 9.99555e-06 0.339397 0.000198263 0.000189822 0.000163451 7.90231e-05 9.99587e-06 9.99894e-06 9.99771e-06
9.99813e-06 9.99954e-06 9.99532e-06 9.99807e-06 0.000124166 0.000162998 0.000103569 7.05949e-05 0.000195729 0.00155673 7.70299e-05 7.84459e-05 9.06905e-05 8.94524e-05 0.000440438 0.000266793 0.00018083 9.99432e-06 9.99702e-06 9.99592e-06 9.99676e-06 9.99565e-06 9.99891e-06 9.99885e-06 9.99759e-06 9.9964e-06 0.000199975 2.52238e-05 3.61368e-05 4.39095e-05 8.14464e-05 4.68369e-05 3.1338e-05 1.00002e-05 1.00025e-05 0.00183461 0.00120586 0.000807473 0.000518748 0.000358318 0.000352128 0.000391225 0.00182433 0.00272882 0.00277167 0.00281434 2.44853 2.0569e-05 3.21072e-05 5.02998e-05 7.90226e-05 0.000124173 9.99633e-06 9.9997e-06 9.99617e-06
9.9976e-06 9.99922e-06 9.99613e-06 9.99612e-06 9.99657e-06 9.99981e-06 9.99817e-06 2.39079e-05 0.000163884 0.00144468 7.42273e-05 6.36828e-05 9.04932e-05 0.000126748 0.000173689 0.000229609 0.000162998 9.9969e-06 9.99614e-06 9.99781e-06 9.99634e-06 9.99972e-06 9.9963e-06 9.99621e-06 9.99553e-06 9.99959e-06 1.97484e-05 3.3536e-05 4.47052e-05 5.00128e-05 5.68699e-05 4.51473e-05 3.02072e-05 1.47585e-05 0.00180317 0.0017851 0.000167361 0.000106424 6.78442e-05 0.000140521 0.000235518 0.000331491 0.000334397 9.99232e-06 9.99655e-06 9.9989e-06 9.99877e-06 9.99552e-06 9.9951e-06 9.99463e-06 9.99558e-06 9.99681e-06 9.99444e-06 9.99743e-06 9.99503e-06
0.01 9.99732e-06 9.99573e-06 9.99595e-06 9.99866e-06 9.99674e-06 9.99673e-06 3.73641e-05 0.000119369 0.00134092 8.28041e-05 2.71464e-05 4.22788e-05 6.6095e-05 0.000103689 0.000163006 0.000124166 9.9977e-06 9.99975e-06 9.9945e-06 9.9984e-06 9.99968e-06 9.99452e-06 9.99927e-06 9.99946e-06 1.00033e-05 2.92187e-05 4.40956e-05 5.36444e-05 5.39298e-05 6.20795e-05 3.01754e-05 0.000128509 0.0010819 0.00175235 9.99949e-06 9.9949e-06 9.99438e-06 9.99827e-06 9.99843e-06 0.000196985 0.000316742 9.99848e-06 9.99568e-06 9.99761e-06 0.217707 9.99647e-06 9.99944e-06 9.99871e-06 9.99561e-06 9.99863e-06 9.99767e-06 9.99911e-06 9.99817e-06 9.99521e-06
0.01 9.99784e-06 9.99684e-06 9.99988e-06 9.99893e-06 9.99941e-06 9.99802e-06 5.85894e-05 0.000176936 0.00124639 0.000121901 9.99593e-06 9.99577e-06 9.99563e-06 1.00019e-05 9.99783e-06 9.99755e-06 9.99919e-06 9.99844e-06 9.99696e-06 9.99734e-06 9.99794e-06 9.99472e-06 9.99818e-06 9.996e-06 1.36659e-05 4.31721e-05 5.58614e-05 6.13238e-05 5.29843e-05 6.83905e-05 0.000852215 0.00122885 0.000988627 0.00106241 9.99784e-06 9.9943e-06 9.99781e-06 9.9949e-06 9.99859e-06 0.000195949 1.47475e-05 9.99482e-06 9.99904e-06 9.99578e-06 0.000198009 9.99507e-06 9.99195e-06 9.9973e-06 9.99627e-06 9.99731e-06 9.9996e-06 9.99455e-06 9.99683e-06 9.99573e-06
0.00106464 9.99839e-06 9.99457e-06 9.9979e-06 9.9963e-06 9.99592e-06 9.99567e-06 9.21119e-05 0.000261131 0.00111603 0.00140442 9.99288e-06 9.99636e-06 1.00043e-05 9.99611e-06 9.99569e-06 9.99771e-06 9.9969e-06 9.99622e-06 9.99795e-06 9.9995e-06 9.99608e-06 9.99744e-06 9.99592e-06 9.99876e-06 2.10782e-05 6.35949e-05 6.61963e-05 6.53497e-05 0.000456997 0.000735012 0.00076633 0.000572983 0.000638403 6.8232e-05 9.99932e-06 9.99806e-06 9.99903e-06 9.99501e-06 9.99618e-06 9.99816e-06 9.99308e-06 9.99905e-06 9.99509e-06 9.99783e-06 9.99868e-06 9.99749e-06 9.99954e-06 9.99409e-06 9.99618e-06 9.99865e-06 9.99867e-06 9.9976e-06 9.99565e-06 9.99849e-06
0.0010028 9.99869e-06 9.99574e-06 9.99742e-06 9.99766e-06 9.99545e-06 9.99801e-06 0.00014511 0.000383104 0.000939817 9.45528e-05 0.382446 0.000676785 9.99339e-06 9.99933e-06 9.99919e-06 9.99463e-06 9.99604e-06 9.9944e-06 9.99526e-06 9.99619e-06 9.99484e-06 9.99772e-06 9.99864e-06 9.99881e-06 3.26982e-05 9.34565e-05 6.75272e-05 6.31702e-05 0.000354411 0.000399095 0.000726667 0.00022372 1.7524e-05 9.99966e-06 9.9998e-06 9.99629e-06 9.99819e-06 9.99829e-06 9.99928e-06 9.99947e-06 9.99849e-06 9.99841e-06 9.99635e-06 9.99768e-06 9.99513e-06 0.37056 9.99917e-06 9.99721e-06 9.995e-06 9.99741e-06 9.99513e-06 9.99142e-06 9.99937e-06 9.99763e-06
0.000939298 9.99627e-06 9.9987e-06 9.99996e-06 9.99917e-06 9.99318e-06 9.99785e-06 0.000228968 0.000557319 0.00067247 9.99755e-06 0.000740872 1.0037 0.000102489 1.00034e-05 9.99595e-06 9.99733e-06 9.99887e-06 9.99554e-06 9.99993e-06 9.9961e-06 9.99644e-06 9.99851e-06 9.99876e-06 9.99886e-06 5.09631e-05 0.000136774 0.000385468 0.000570218 0.000464858 0.000346134 0.000443076 9.99657e-06 9.99478e-06 9.99459e-06 9.99517e-06 9.99912e-06 9.9995e-06 9.99575e-06 1.0004e-05 9.9993e-06 9.99513e-06 9.99556e-06 9.99912e-06 9.99514e-06 9.99636e-06 0.000315408 9.99917e-06 9.99698e-06 9.99542e-06 9.9957e-06 9.99589e-06 9.99316e-06 9.99954e-06 9.9968e-06
0.000873894 9.99943e-06 9.99636e-06 9.99576e-06 9.99674e-06 9.99736e-06 9.99934e-06 0.000361492 0.00073649 0.000124166 9.99549e-06 9.99225e-06 0.000971944 0.000859941 1.27286e-05 1.00013e-05 9.99458e-06 9.99823e-06 9.99921e-06 9.99583e-06 9.99717e-06 9.99975e-06 9.99889e-06 9.99562e-06 1.00044e-05 7.97377e-05 0.000198683 0.000222977 0.000235199 0.000234356 1.15928e-05 1.23108e-05 9.99648e-06 9.99675e-06 9.99569e-06 9.99818e-06 9.99431e-06 9.99856e-06 9.99516e-06 1.00032e-05 9.99548e-06 9.99799e-06 9.99849e-06 9.9977e-06 9.99401e-06 9.99684e-06 0.000198005 9.99671e-06 9.99831e-06 9.99922e-06 9.99446e-06 9.99901e-06 9.99731e-06 9.99731e-06 9.99436e-06
0.000806288 9.99665e-06 9.99553e-06 9.99584e-06 9.99272e-06 9.99442e-06 9.99802e-06 0.000492377 0.000426667 9.99882e-06 9.99644e-06 9.9978e-06 0.000165139 0.000813902 0.000244076 9.99651e-06 9.99621e-06 9.99787e-06 9.9995e-06 9.99781e-06 9.99946e-06 9.99601e-06 1.00017e-05 9.99532e-06 9.99571e-06 0.00012491 0.000164158 0.000104466 0.000105968 9.99208e-06 9.99906e-06 9.99603e-06 9.99672e-06 9.99721e-06 9.99952e-06 9.99785e-06 9.99795e-06 9.99581e-06 9.99666e-06 9.99769e-06 9.99598e-06 9.99573e-06 9.99571e-06 9.99913e-06 9.99648e-06 0.108464 9.99643e-06 9.9952e-06 9.99625e-06 9.9944e-06 9.99507e-06 9.99731e-06 7.88221e-07 9.18072e-06 9.9973e-06
0.000736088 9.99879e-06 9.99802e-06 9.99794e-06 9.99544e-06 9.99857e-06 9.99543e-06 0.000406553 0.000324556 9.99696e-06 9.99663e-06 9.99933e-06 0.000128999 0.000590709 0.000244633 0.00012504 9.9991e-06 9.99554e-06 9.99869e-06 9.99968e-06 9.99786e-06 9.99874e-06 9.99586e-06 1.00008e-05 9.9987e-06 9.99847e-06 1.00554e-05 9.99925e-06 9.99457e-06 9.99598e-06 9.999e-06 9.9954e-06 9.99718e-06 9.99922e-06 9.99894e-06 9.99603e-06 9.9989e-06 9.99721e-06 7.78226e-05 9.99312e-06 9.99529e-06 9.99898e-06 9.99567e-06 9.99578e-06 9.99859e-06 0.108455 9.9954e-06 9.99904e-06 9.99675e-06 9.99757e-06 0 2.64789e-06 2.23887e-05 4.82206e-05 9.9992e-06
0.000662767 9.99984e-06 9.99781e-06 9.99647e-06 9.99849e-06 9.99721e-06 9.99916e-06 0.000310358 0.000204476 9.99806e-06 9.99577e-06 9.99603e-06 2.96795e-05 0.000336828 0.000228718 0.000124458 9.99961e-06 9.99867e-06 1.00008e-05 9.99749e-06 9.99821e-06 9.99965e-06 9.99828e-06 9.99505e-06 1.00045e-05 9.9987e-06 9.99908e-06 9.99954e-06 9.99958e-06 9.99782e-06 9.99948e-06 9.99846e-06 9.9976e-06 9.99794e-06 9.99678e-06 9.99473e-06 9.99708e-06 9.99807e-06 9.9987e-06 9.99505e-06 1.00011e-05 9.99589e-06 9.99619e-06 9.99593e-06 0.331293 9.99927e-06 9.99754e-06 9.99456e-06 9.99597e-06 9.99151e-06 1.899e-06 2.37228e-05 5.47533e-05 7.39573e-05 1.00002e-05
0.000585582 9.99894e-06 9.99819e-06 9.99495e-06 9.99711e-06 9.99802e-06 9.9992e-06 0.000195492 1.46859e-05 9.99658e-06 9.99809e-06 9.99202e-06 9.9977e-06 1.46872e-05 0.000195507 9.99841e-06 9.99772e-06 9.9957e-06 9.99746e-06 9.99765e-06 9.99456e-06 9.99615e-06 1.00008e-05 9.9981e-06 1.0001e-05 9.99868e-06 9.99874e-06 9.99455e-06 9.99507e-06 9.99873e-06 9.9974e-06 9.99623e-06 9.99806e-06 9.99986e-06 9.99291e-06 9.99506e-06 9.99775e-06 9.99871e-06 9.99704e-06 1.00016e-05 9.99807e-06 9.99539e-06 9.99581e-06 9.99888e-06 0.000198078 9.99535e-06 9.99522e-06 9.99607e-06 9.99516e-06 9.99726e-06 9.99893e-06 9.99457e-06 1.00008e-05 7.40177e-05 6.89172e-05
0.000503426 9.99977e-06 9.99896e-06 9.99784e-06 9.9971e-06 9.9995e-06 9.9976e-06 9.99773e-06 9.99734e-06 9.9953e-06 9.9984e-06 9.99204e-06 9.99595e-06 9.99963e-06 9.99536e-06 9.99838e-06 9.99603e-06 9.99901e-06 9.99731e-06 7.63205e-08 1.00006e-05 5.76067e-05 1.00012e-05 9.99946e-06 1.0001e-05 1.00004e-05 9.99903e-06 5.75704e-08 0 9.99801e-06 9.99589e-06 9.99711e-06 9.99795e-06 9.99766e-06 9.99816e-06 9.99842e-06 9.99873e-06 9.99797e-06 9.99786e-06 9.99881e-06 9.99821e-06 9.99537e-06 9.99855e-06 0.614229 9.99938e-06 9.99576e-06 1.00011e-05 9.99621e-06 9.99887e-06 9.9959e-06 9.99852e-06 9.99502e-06 9.9974e-06 9.99833e-06 9.99898e-06
