test/known_good_answers/boscastle50m_72hr_u_flipped_lr/WaterDepths3360.asc
ncols	120
nrows	60
xllcorner	209000
yllcorner	89000
cellsize	50
NODATA_value	-9999
[rows 24 to 47 of 60, columns 55 to 109 of 120]
9.99953e-06 9.99453e-06 9.99756e-06 9.99902e-06 9.99664e-06 9.99505e-06 9.99884e-06 9.42521e-05 0.00014986 0.000191308 0.000214961 0.000429537 0.00230006 0.000231662 6.04423e-05 1.00028e-05 9.99727e-06 9.99909e-06 9.99949e-06 9.47874e-05 0.00025786 0.00033705 0.00029297 0.000345264 0.00331048 5.16427e-05 7.93081e-05 0.000124186 0.000194788 0.000148766 9.99904e-06 9.99879e-06 1.00029e-05 1.00008e-05 2.27475e-05 9.99545e-06 9.99151e-06 9.99727e-06 9.99435e-06 9.99632e-06 9.99475e-06 9.99945e-06 9.99908e-06 9.99912e-06 1.02271 0.000120886 0.000448175 0.00528039 0.00171606 0.00225945 0.00306948 0.00231953 0.00138799 4.90809e-05 7.64894e-05
9.9987e-06 9.99986e-06 9.99773e-06 9.9997e-06 9.99928e-06 9.99893e-06 9.9984e-06 0.000147856 0.000194159 0.000225962 0.000234433 0.000113522 0.00206225 0.000203519 9.2744e-05 1.28927e-05 1.03824e-05 9.99272e-06 9.99676e-06 0.000148539 0.000240458 0.000275656 0.000241354 0.000390521 0.00317816 9.99843e-06 1.00014e-05 9.99562e-06 9.99581e-06 9.99883e-06 1.00048e-05 1.00009e-05 1.13369e-05 1.01781e-05 1.86757e-05 9.99753e-06 9.99151e-06 9.99649e-06 9.99602e-06 9.99615e-06 1.0002e-05 9.99957e-06 9.99907e-06 0.0069099 0.00696041 5.46115e-05 0.000282264 0.00446148 0.000980916 0.00118 0.00139501 0.00145962 0.00130989 0.00126569 0.000648737
9.99667e-06 9.99551e-06 9.9947e-06 9.99921e-06 9.99952e-06 9.99986e-06 9.99456e-06 9.99513e-06 9.99607e-06 6.01741e-05 2.92725e-05 7.84675e-05 0.00193908 0.000286744 0.000143182 1.44707e-05 1.59296e-05 9.99493e-06 9.99633e-06 1.00024e-05 0.000159642 0.000147422 0.000200818 0.00051164 0.003032 1.08518e-05 9.99551e-06 9.99533e-06 9.99528e-06 1.0004e-05 9.99546e-06 1.00014e-05 1.7272e-05 1.54166e-05 1.16789e-05 1.27801e-05 1.00041e-05 9.99651e-06 9.99901e-06 9.9985e-06 9.99247e-06 1.00015e-05 0.00681346 0.00686474 4.13557e-05 0.000112609 0.000309442 0.00404905 0.00066309 0.000856427 0.00125537 0.00153509 0.00128107 0.000837324 0.00045634
9.99788e-06 9.99973e-06 9.99252e-06 9.99644e-06 9.99544e-06 9.99628e-06 9.99612e-06 9.99603e-06 9.99784e-06 9.43177e-05 0.000317839 0.000664433 0.00178986 0.0003969 0.000223031 1.20961e-05 2.46791e-05 9.99616e-06 9.99521e-06 1.34633e-05 5.52622e-05 0.000131891 0.000245385 0.00074026 0.00283452 1.58714e-05 9.99835e-06 9.9952e-06 1.00011e-05 9.99834e-06 9.9987e-06 1.10499e-05 2.49639e-05 1.22949e-05 9.9959e-06 9.99794e-06 9.99559e-06 1.0004e-05 9.99538e-06 9.99924e-06 0.000148031 0.00671766 0.00676826 6.22273e-05 8.51763e-05 0.000163561 0.000331914 0.00375803 0.000428811 0.000150448 0.000852448 0.00170564 0.0015925 0.00106816 0.000528654
9.99857e-06 9.99657e-06 9.99356e-06 9.9974e-06 9.99522e-06 9.99631e-06 9.99921e-06 9.99552e-06 9.99634e-06 0.000147919 9.63371e-05 0.000366176 0.00129495 0.000426739 0.000349989 0.000241768 3.8473e-05 9.99908e-06 9.99779e-06 2.07168e-05 8.29897e-05 0.000188135 0.000333959 0.001022 0.00251756 2.39727e-05 9.99822e-06 9.99819e-06 9.99858e-06 9.99884e-06 9.99834e-06 1.6851e-05 3.46206e-05 0.000313791 0.000328652 0.0002845 0.000261284 0.000249155 0.000242856 0.000239546 0.00661031 0.00665768 3.11365e-05 3.16111e-05 0.000175971 0.000223938 0.000342968 0.0035418 0.00062933 0.000194434 0.000714396 0.000320744 0.00198114 0.00142516 0.000561252
9.99769e-06 9.99619e-06 9.99922e-06 9.99732e-06 9.99852e-06 9.99544e-06 9.99616e-06 9.99575e-06 9.9965e-06 9.99513e-06 0.000233419 0.000445662 0.000896227 0.000379715 0.000318392 0.000226239 6.01183e-05 9.99585e-06 9.99771e-06 3.21256e-05 0.000124779 0.000266532 0.000449203 0.0014532 0.00199688 3.67876e-05 9.99816e-06 9.99549e-06 9.99864e-06 9.99588e-06 1.05748e-05 2.36372e-05 4.741e-05 0.000140422 0.000556186 0.00105507 0.00150688 0.00253326 0.00465745 0.00645853 0.00651953 1.92647e-05 2.95242e-05 4.54542e-05 0.000278632 0.000264311 0.000319057 0.00323551 0.000936665 0.000402573 0.000360892 0.000196647 0.00107654 0.00201343 0.000566854
9.99769e-06 9.99866e-06 9.99366e-06 9.99594e-06 9.99873e-06 9.99904e-06 9.99794e-06 9.99739e-06 9.9961e-06 9.99616e-06 9.9929e-06 0.00051131 0.000337188 0.000309575 0.00026471 0.000194778 9.42459e-05 9.99937e-06 9.99659e-06 5.02339e-05 0.000187629 0.000373707 0.000494826 0.00211547 0.000954032 5.69584e-05 9.99829e-06 9.99843e-06 9.99915e-06 9.99785e-06 1.52406e-05 3.27248e-05 6.48777e-05 0.000206166 0.00040036 0.000537847 0.00063464 0.00154549 0.00320698 0.0136832 0.000147926 9.99519e-06 1.00001e-05 9.36648e-05 0.000306254 4.58794e-05 0.000228222 0.00276191 0.00127322 0.000437902 0.000375872 0.000279095 0.000850003 0.00180388 0.000548672
9.9963e-06 9.99973e-06 9.99959e-06 9.99849e-06 9.9955e-06 9.9948e-06 9.99557e-06 9.99761e-06 9.99603e-06 9.99816e-06 0.484219 0.000140335 0.000220688 0.000205079 0.000172119 9.42459e-05 0.000147845 9.99573e-06 9.99638e-06 7.86637e-05 0.000281511 0.000407191 0.000497207 0.00140453 0.00144064 8.87843e-05 9.99852e-06 9.99874e-06 9.99906e-06 1.00026e-05 2.12233e-05 4.52204e-05 8.8862e-05 0.000305132 0.000445113 0.000559066 0.000628513 0.00217614 0.015404 0.000147848 9.99758e-06 9.99803e-06 9.99819e-06 0.000147887 9.54467e-05 6.1733e-05 0.000206268 0.00203621 0.00182193 0.000378016 0.000338905 0.000286487 0.00129521 0.00106763 0.000294002
9.99745e-06 9.9933e-06 9.99779e-06 9.99979e-06 9.99591e-06 9.99812e-06 9.99832e-06 9.99491e-06 9.99241e-06 9.99352e-06 0.000235966 9.99888e-06 9.99909e-06 9.99642e-06 9.99621e-06 9.99923e-06 9.99858e-06 9.99568e-06 9.99321e-06 0.000123541 0.000296755 0.000401064 0.000471952 0.00111265 0.00136329 0.00013901 1.00046e-05 9.99607e-06 9.99843e-06 1.41554e-05 2.90913e-05 6.26646e-05 0.000121806 0.000336682 0.000456735 0.000562009 0.000596023 0.00322423 0.00327716 9.99729e-06 9.99956e-06 9.99191e-06 9.99914e-06 0.000232641 1.16007e-05 9.99838e-06 0.000149296 0.000365313 0.00274856 0.000284346 0.000250911 0.000491943 0.00114674 0.00085428 0.000318464
9.99943e-06 9.99355e-06 9.99626e-06 9.99743e-06 9.99627e-06 9.99454e-06 1.00015e-05 9.99827e-06 9.99815e-06 0.168481 9.99468e-06 9.99501e-06 9.99999e-06 9.99446e-06 9.99539e-06 9.99595e-06 9.99888e-06 9.99858e-06 9.99703e-06 0.00019414 0.000300549 0.000375467 0.000425503 0.00153429 0.000387392 0.000218053 1.00017e-05 1.00016e-05 1.12477e-05 1.89981e-05 3.98076e-05 8.73282e-05 0.000166917 0.000378298 0.000453591 0.000557759 0.000525737 1.01656 9.99625e-06 9.99775e-06 9.99832e-06 9.99912e-06 9.99758e-06 9.99831e-06 9.99446e-06 9.99939e-06 1.02406e-05 0.000415654 0.00253919 0.000312773 0.000387438 0.000331573 0.00111635 0.000595443 0.000564411
9.99483e-06 9.99461e-06 9.99859e-06 9.99945e-06 9.99549e-06 9.99782e-06 9.99919e-06 9.99854e-06 0.152143 9.99514e-06 9.99519e-06 9.99936e-06 9.99761e-06 9.99712e-06 9.99989e-06 9.99916e-06 9.99526e-06 9.99467e-06 9.9959e-06 0.000147845 0.000254849 0.000318023 0.000351693 0.00116338 0.00041182 0.000198767 1.00017e-05 9.99832e-06 1.72799e-05 2.45464e-05 5.49314e-05 0.000122453 0.000228251 0.000429293 0.000519029 0.000648479 0.000487838 0.00475418 1.00019e-05 9.99926e-06 9.99892e-06 9.99569e-06 9.99727e-06 9.99561e-06 9.99843e-06 9.99703e-06 1.57153e-05 0.000559667 0.00229071 0.000223275 0.000313017 0.000363981 0.00109244 0.000455026 0.000461783
9.9986e-06 9.99888e-06 9.99506e-06 9.99495e-06 9.99786e-06 9.99579e-06 1.00003e-05 3.21037e-05 3.15214 9.9964e-06 9.99649e-06 9.99456e-06 9.99703e-06 9.99578e-06 9.99745e-06 9.99676e-06 9.99686e-06 9.99723e-06 9.99826e-06 9.99978e-06 0.00019414 0.000235839 0.000245956 0.000756806 0.000471342 0.000156922 1.00018e-05 1.67774e-05 2.36847e-05 2.99058e-05 7.70333e-05 0.000172589 0.000310691 0.000484452 0.00059697 0.000673157 0.0011227 0.00460078 9.99929e-06 1.00018e-05 9.99762e-06 9.99538e-06 9.99885e-06 9.99328e-06 9.99567e-06 9.99991e-06 2.42981e-05 0.000801773 0.00199075 0.000104025 6.15948e-05 0.000427815 0.000829747 0.000626735 0.000239175
9.99508e-06 9.99746e-06 9.99785e-06 9.999e-06 9.99948e-06 9.99882e-06 1.38432e-05 2.65729e-05 0.00181786 9.99671e-06 9.99839e-06 9.99685e-06 9.99515e-06 9.9982e-06 9.99964e-06 9.9993e-06 9.99894e-06 9.99941e-06 9.99666e-06 9.99522e-06 0.000147845 9.42459e-05 6.01044e-05 0.000205199 0.000602943 4.54696e-05 1.4303e-05 2.60019e-05 2.87898e-05 3.44827e-05 0.000110789 0.000243908 0.000419351 0.000528711 0.00060213 0.000650462 0.000676646 0.0041725 1.00059e-05 9.99579e-06 9.9954e-06 9.99838e-06 9.99439e-06 9.99754e-06 9.99579e-06 9.99947e-06 3.77876e-05 0.00119873 0.00154804 0.000137237 7.94198e-05 0.000281629 0.000767523 0.00039203 0.000242255
9.99617e-06 9.99825e-06 9.99345e-06 9.99512e-06 9.99561e-06 9.99555e-06 2.11671e-05 3.57929e-05 0.00175114 9.9962e-06 9.99475e-06 9.99902e-06 9.99572e-06 9.99446e-06 9.9981e-06 9.99444e-06 9.99898e-06 9.99515e-06 9.99918e-06 9.9996e-06 9.99771e-06 9.99884e-06 9.99632e-06 0.000147845 0.000393962 6.68032e-05 2.92402e-05 3.4581e-05 3.04029e-05 3.86205e-05 0.000163886 0.000343794 0.000454557 0.000524531 0.000571406 0.000598857 0.000604318 0.00393782 1.43409e-05 9.99583e-06 9.99504e-06 9.99524e-06 9.99527e-06 9.99635e-06 9.9957e-06 9.99668e-06 5.90268e-05 0.00183929 0.000574597 0.000182324 0.000118929 0.000326921 0.000291688 0.000402668 0.000248149
9.99602e-06 9.99845e-06 9.9982e-06 9.99549e-06 9.99524e-06 9.99523e-06 3.26419e-05 4.6778e-05 0.00168221 9.99545e-06 9.99877e-06 9.99525e-06 9.99654e-06 9.99724e-06 9.99714e-06 9.99666e-06 9.99991e-06 9.99993e-06 9.99512e-06 9.99761e-06 9.99546e-06 9.99523e-06 9.99459e-06 9.99664e-06 0.000147845 9.42459e-05 6.01044e-05 3.84597e-05 2.47161e-05 4.49052e-05 0.000247862 0.000365839 0.000442749 0.000483238 0.000511812 0.000521719 0.000504475 0.00372644 2.14371e-05 9.99881e-06 9.99556e-06 9.99791e-06 9.99959e-06 9.99741e-06 9.99527e-06 9.99932e-06 9.2518e-05 0.00183029 0.000235156 1.0001e-05 0.000181203 0.000180593 0.000111152 7.23477e-05 0.000259178
9.99904e-06 9.99488e-06 9.99841e-06 9.999e-06 9.99588e-06 9.99567e-06 5.0685e-05 5.77812e-05 0.00161044 9.99482e-06 9.99626e-06 9.99946e-06 9.99588e-06 9.99744e-06 9.9998e-06 9.99911e-06 9.99447e-06 9.99635e-06 9.99759e-06 9.99865e-06 9.99879e-06 9.99609e-06 9.99542e-06 9.99469e-06 9.99822e-06 9.99766e-06 9.99549e-06 9.99707e-06 9.99606e-06 6.01044e-05 0.000246748 0.000345645 0.000398211 0.000407601 0.000427072 0.000418178 0.000482212 0.00354877 3.22242e-05 1.00007e-05 9.99856e-06 9.99767e-06 9.99812e-06 9.99664e-06 9.99568e-06 9.99929e-06 0.000145403 0.00169383 0.000233386 9.99516e-06 9.99311e-06 1.83273e-05 0.000229536 1.13967e-05 9.99976e-06
9.99309e-06 9.9957e-06 9.9986e-06 1.00016e-05 9.99859e-06 9.99845e-06 7.91263e-05 6.30047e-05 0.00153536 9.99703e-06 9.99429e-06 9.99467e-06 9.99556e-06 9.99803e-06 9.99835e-06 9.99888e-06 9.99916e-06 9.99765e-06 9.99447e-06 9.99835e-06 9.99861e-06 9.99559e-06 9.99806e-06 9.9986e-06 9.99799e-06 9.99497e-06 9.99452e-06 9.9978e-06 9.9989e-06 9.42459e-05 0.000237443 0.000304579 0.000322472 0.000286167 0.000320793 0.0004049 0.000538252 0.00337471 4.86307e-05 1.0075e-05 9.99852e-06 9.99552e-06 9.99689e-06 9.99601e-06 9.99637e-06 9.99609e-06 0.000228675 0.00153834 0.00023084 9.99981e-06 9.99559e-06 9.99454e-06 9.99904e-06 9.99718e-06 9.99958e-06
9.99931e-06 9.99828e-06 9.99589e-06 9.99859e-06 1.00013e-05 9.99846e-06 0.000124041 0.000459202 0.00145775 9.99743e-06 9.99989e-06 9.99703e-06 9.9987e-06 9.99999e-06 9.99611e-06 9.9987e-06 9.99949e-06 9.99686e-06 9.9996e-06 9.99963e-06 9.99936e-06 9.99899e-06 9.99702e-06 9.99596e-06 9.99481e-06 9.99672e-06 9.99824e-06 9.99816e-06 9.99823e-06 0.000147845 0.000197643 0.000222706 0.000189975 0.000243561 0.000350372 0.000477459 0.000652644 0.00317239 7.35882e-05 1.50295e-05 9.996e-06 9.996e-06 9.99739e-06 9.99968e-06 9.99998e-06 9.99585e-06 0.000221318 0.00134547 0.000225738 9.9996e-06 9.99782e-06 9.99826e-06 9.99538e-06 9.99628e-06 9.99755e-06
9.99614e-06 9.99938e-06 1.00019e-05 9.99847e-06 9.99549e-06 1.00014e-05 0.00019473 0.000294127 0.00120497 9.99663e-06 9.99787e-06 9.99804e-06 9.99972e-06 9.9969e-06 9.99637e-06 9.99757e-06 9.99841e-06 9.99726e-06 9.99776e-06 9.99485e-06 9.99962e-06 9.9981e-06 9.9953e-06 9.99712e-06 9.99821e-06 9.99691e-06 9.99742e-06 9.99925e-06 9.99766e-06 9.99693e-06 2.77433e-05 3.9456e-05 0.000150824 0.000289042 0.000439549 0.000585597 0.000802017 0.00290906 0.000111804 2.26592e-05 1.00018e-05 9.99893e-06 9.99807e-06 9.99492e-06 9.99467e-06 9.99867e-06 0.000206265 0.00114424 0.000215421 9.99536e-06 9.99869e-06 9.99803e-06 9.99498e-06 9.99447e-06 9.99526e-06
9.999e-06 9.99839e-06 9.99535e-06 1.0004e-05 9.99553e-06 9.99578e-06 0.000148972 0.000240323 0.00102606 9.99479e-06 9.99641e-06 9.99963e-06 9.99667e-06 9.99829e-06 9.99728e-06 9.99592e-06 9.99603e-06 9.99435e-06 9.99731e-06 9.99731e-06 9.99901e-06 9.99451e-06 9.99928e-06 9.99821e-06 9.99522e-06 9.99795e-06 9.99579e-06 9.99739e-06 9.99773e-06 9.99958e-06 4.32183e-05 4.84745e-05 0.000226704 0.000396443 0.000563606 0.000710721 0.000910502 0.00254772 0.000170366 3.44623e-05 9.99586e-06 9.99931e-06 9.99665e-06 9.99695e-06 9.999e-06 9.996e-06 0.000174446 0.000936873 0.000194141 9.9962e-06 9.99451e-06 9.997e-06 9.99566e-06 9.9964e-06 9.9948e-06
9.99849e-06 9.99528e-06 9.99541e-06 9.9954e-06 9.99817e-06 9.99541e-06 1.12553e-05 0.000158893 0.000861275 0.000359479 9.99913e-06 9.9957e-06 9.99917e-06 9.99447e-06 9.99447e-06 9.99447e-06 9.99901e-06 9.99731e-06 0 0 9.99731e-06 9.99901e-06 9.9945e-06 9.99596e-06 9.99665e-06 9.99847e-06 9.99886e-06 9.99507e-06 9.99507e-06 9.99688e-06 6.75995e-05 5.21074e-05 0.000345287 0.000531419 0.000612343 0.000755081 0.00101165 0.00207604 0.000259831 5.2792e-05 1.0004e-05 9.99645e-06 9.99638e-06 9.99971e-06 9.99801e-06 1.00009e-05 9.97796e-05 0.00073241 0.000147847 9.998e-06 9.99759e-06 9.99858e-06 9.99763e-06 9.99823e-06 9.99919e-06
1.00005e-05 9.998e-06 9.99854e-06 9.99885e-06 9.99575e-06 9.99496e-06 1.70236e-05 5.15037e-05 0.000542689 0.000355517 9.9949e-06 9.998e-06 9.99671e-06 9.99598e-06 9.99612e-06 9.99847e-06 9.99731e-06 0 0 0 0 9.99731e-06 9.99901e-06 9.99607e-06 9.99883e-06 9.99679e-06 9.99805e-06 9.99987e-06 9.99845e-06 9.9977e-06 0.00010607 0.000370967 0.000426275 0.000591106 0.000589624 0.000798562 0.00116479 0.00142952 0.00026693 8.14077e-05 9.99996e-06 9.99941e-06 9.9956e-06 9.99673e-06 9.99679e-06 1.05143e-05 0.00015588 0.000559827 9.9984e-06 9.99929e-06 9.99851e-06 9.99498e-06 9.99892e-06 9.99922e-06 9.99985e-06
9.99622e-06 9.99805e-06 9.99859e-06 9.99929e-06 9.99589e-06 9.99883e-06 2.62496e-05 7.53129e-05 0.000150728 0.000456305 9.99577e-06 9.9962e-06 9.99804e-06 9.99749e-06 9.99829e-06 9.99151e-06 0 0 0 0 0 0 9.99731e-06 9.99441e-06 9.99435e-06 9.99917e-06 9.9947e-06 9.99672e-06 9.99633e-06 9.99477e-06 0.000166521 0.000187765 0.000357985 0.000640538 0.000480475 0.000900568 0.00141173 0.000328241 0.000266645 0.000126235 1.20061e-05 1.00026e-05 9.99481e-06 9.99729e-06 9.99485e-06 1.57281e-05 0.000243704 0.00038567 9.99767e-06 9.99598e-06 9.99843e-06 9.99946e-06 9.99805e-06 9.99917e-06 9.9986e-06
4.29768e-06 9.99151e-06 9.99744e-06 9.99998e-06 9.99716e-06 9.995e-06 4.08375e-05 0.000109799 0.000208177 0.000260745 1.72017 9.99858e-06 9.99807e-06 9.99924e-06 9.99435e-06 9.99435e-06 9.99731e-06 0 0 0 0 0 0 9.99789e-06 9.99982e-06 9.99872e-06 9.99753e-06 9.9949e-06 9.998e-06 9.99697e-06 7.86637e-05 0.000205125 0.000376866 0.000782901 0.00105444 0.0011638 0.000637183 0.000247061 0.000237366 0.000196364 1.44219e-05 1.22936e-05 9.99641e-06 9.99492e-06 9.99517e-06 2.38092e-05 0.000248469 2.06555e-05 9.99909e-06 9.99718e-06 9.99469e-06 9.99988e-06 9.99646e-06 9.99579e-06 9.99502e-06
