test/known_good_answers/boscastle50m_72hr_u_flipped_lr/WaterDepths3600.asc
ncols	120
nrows	60
xllcorner	209000
yllcorner	89000
cellsize	50
NODATA_value	-9999
[rows 24 to 47 of 60, columns 55 to 109 of 120]
9.99953e-06 9.99453e-06 9.99756e-06 9.99615e-06 9.9995e-06 9.99792e-06 9.99597e-06 7.90212e-05 0.000125607 0.000160289 0.000180062 0.000359763 0.00192265 0.000192938 5.02437e-05 1.00032e-05 9.9994e-06 9.9963e-06 1.00022e-05 7.9449e-05 0.000216343 0.000282642 0.000245159 0.000288255 0.00276205 4.30007e-05 6.62961e-05 0.000104031 0.000163464 0.000124829 9.99819e-06 9.99834e-06 9.99936e-06 9.9992e-06 1.6643e-05 9.99541e-06 9.99151e-06 9.99727e-06 9.99435e-06 9.99632e-06 9.99475e-06 9.99945e-06 9.99908e-06 9.99912e-06 1.01962 0.000101479 0.000376196 0.00439828 0.00143342 0.00188831 0.00256631 0.00194045 0.00116112 3.86029e-05 6.03151e-05
9.9987e-06 9.99986e-06 9.99773e-06 9.99683e-06 9.99642e-06 9.99607e-06 9.99553e-06 0.000124174 0.000163012 0.000189628 0.000196712 9.51553e-05 0.0017247 0.000170035 7.73402e-05 1.04696e-05 9.99959e-06 9.99845e-06 9.99673e-06 0.000124733 0.000201785 0.000231099 0.000201767 0.000326004 0.00265272 1.00022e-05 9.9984e-06 1.00012e-05 9.99557e-06 9.99834e-06 9.99836e-06 1.00016e-05 1.00028e-05 9.99829e-06 1.38185e-05 9.9995e-06 9.99151e-06 9.99649e-06 9.99602e-06 9.99615e-06 9.99898e-06 9.99662e-06 9.99911e-06 0.0057336 0.00577375 4.55452e-05 0.000236556 0.00371443 0.000818623 0.000985704 0.00116634 0.00122229 0.00109682 0.00105954 0.00054411
9.99954e-06 9.99551e-06 9.9947e-06 9.99635e-06 9.99952e-06 9.99699e-06 9.99458e-06 9.99803e-06 9.99599e-06 5.03456e-05 2.4445e-05 6.56292e-05 0.00162254 0.000239958 0.000119687 1.19397e-05 1.32011e-05 9.99632e-06 9.99624e-06 9.99812e-06 0.000133917 0.000123188 0.00016757 0.000427364 0.00253183 1.00007e-05 1.0004e-05 9.99522e-06 9.99805e-06 9.99527e-06 1.00015e-05 9.99645e-06 1.36321e-05 1.20465e-05 9.99965e-06 1.00015e-05 1.00012e-05 9.99589e-06 9.99904e-06 9.99872e-06 9.9955e-06 9.99578e-06 0.0056571 0.00569792 3.45762e-05 9.40479e-05 0.000259272 0.00337109 0.000552246 0.00071447 0.00104807 0.0012862 0.00107356 0.0007013 0.000382209
9.99502e-06 9.99973e-06 9.99252e-06 9.99643e-06 9.99544e-06 9.99915e-06 9.99613e-06 9.996e-06 9.99798e-06 7.90715e-05 0.000266403 0.000556583 0.0014985 0.000332609 0.000186719 1.00317e-05 2.05334e-05 9.99897e-06 9.99517e-06 1.11129e-05 4.59666e-05 0.000109996 0.000204956 0.000618921 0.002368 1.30688e-05 9.99533e-06 9.99523e-06 9.99831e-06 9.99857e-06 9.99918e-06 1.00003e-05 1.99219e-05 1.00024e-05 9.99878e-06 9.99931e-06 9.99834e-06 9.99815e-06 9.9983e-06 9.9991e-06 0.000124281 0.00558109 0.00562136 5.19115e-05 7.13282e-05 0.00013681 0.000278128 0.00312952 0.000356292 0.000123134 0.000705871 0.00142962 0.00133541 0.000894935 0.000442798
9.99857e-06 9.99657e-06 9.99642e-06 9.99453e-06 9.99808e-06 9.9963e-06 9.99919e-06 9.99555e-06 9.99916e-06 0.000124221 8.06262e-05 0.000306964 0.00108469 0.000357744 0.000293348 0.000202327 3.21077e-05 9.99621e-06 9.99491e-06 1.71901e-05 6.92262e-05 0.00015722 0.000279386 0.000854641 0.00210404 1.98616e-05 9.99529e-06 9.99531e-06 9.99865e-06 9.99887e-06 1.00023e-05 1.33479e-05 2.80245e-05 0.000261959 0.000273134 0.000237255 0.000218391 0.000208564 0.000203479 0.000200832 0.00549527 0.00553285 2.58013e-05 2.62112e-05 0.000147524 0.00018754 0.000287458 0.00295039 0.000524265 0.000162081 0.000592714 0.000262196 0.00166261 0.00119456 0.000470113
9.99483e-06 9.99905e-06 9.99635e-06 9.99732e-06 9.99566e-06 9.99832e-06 9.99607e-06 9.99843e-06 9.99919e-06 9.99824e-06 0.000196056 0.000373666 0.000751104 0.000318482 0.000267097 0.000189819 5.03006e-05 9.99577e-06 9.99618e-06 2.67569e-05 0.000104316 0.000223102 0.000376331 0.00121543 0.0016696 3.06084e-05 9.99536e-06 9.99553e-06 9.99875e-06 9.99632e-06 9.99838e-06 1.89656e-05 3.87248e-05 0.000116745 0.00046546 0.000881957 0.00125917 0.00211302 0.00387774 0.00537193 0.00542107 1.59755e-05 2.46034e-05 3.80354e-05 0.000233765 0.000221594 0.000267492 0.00269583 0.000780801 0.000335838 0.000301454 0.0001642 0.000899444 0.00168841 0.000474834
9.99483e-06 9.99866e-06 9.99366e-06 9.99881e-06 9.99586e-06 9.99901e-06 9.99802e-06 9.99459e-06 9.99865e-06 9.99602e-06 9.99591e-06 0.000428605 0.000282872 0.000259737 0.000222122 0.000163445 7.9014e-05 9.99937e-06 9.99659e-06 4.19463e-05 0.000157134 0.00031326 0.000414712 0.00176952 0.000798344 4.75399e-05 9.99843e-06 9.99557e-06 9.99623e-06 1.00023e-05 1.21407e-05 2.663e-05 5.33819e-05 0.000171998 0.000334903 0.000449926 0.000530707 0.00128767 0.002668 0.011814 0.000124228 9.995e-06 9.99928e-06 7.84977e-05 0.000257002 3.77503e-05 0.000191311 0.00230157 0.00106116 0.000365491 0.000313483 0.000232089 0.000716295 0.00150976 0.000459616
9.99629e-06 9.99687e-06 9.99959e-06 9.99564e-06 9.99837e-06 9.99481e-06 1.00013e-05 9.99479e-06 9.99857e-06 9.99829e-06 0.489812 0.000117623 0.000185229 0.000172142 0.000144479 7.9014e-05 0.000124166 9.99573e-06 9.99638e-06 6.5832e-05 0.000236113 0.000341436 0.000416793 0.00117515 0.00120583 7.4275e-05 9.99857e-06 9.99869e-06 9.99931e-06 1.00005e-05 1.71038e-05 3.70989e-05 7.34941e-05 0.000255231 0.000372407 0.000467633 0.000525443 0.00181236 0.0133808 0.00012417 9.99472e-06 9.99803e-06 9.99532e-06 0.000124084 7.98041e-05 5.14181e-05 0.000173005 0.00169736 0.00151841 0.0003152 0.000282489 0.000238373 0.00109121 0.000889922 0.00024555
9.99746e-06 9.99616e-06 9.99779e-06 9.9969e-06 9.99593e-06 9.99523e-06 9.99571e-06 9.99785e-06 9.99247e-06 9.99628e-06 0.000198013 9.99888e-06 9.99909e-06 9.99642e-06 9.99621e-06 9.99923e-06 9.99858e-06 9.99568e-06 9.99321e-06 0.000103569 0.000248951 0.000336361 0.0003957 0.000931669 0.00114117 0.0001165 9.99568e-06 1.00015e-05 1.00026e-05 1.13605e-05 2.37521e-05 5.17556e-05 0.000101146 0.000281628 0.000382029 0.000469973 0.000498009 0.00268488 0.00272793 9.99444e-06 9.99956e-06 9.99764e-06 9.99914e-06 0.00019546 1.00029e-05 1.00024e-05 0.000125265 0.000305952 0.00229101 0.000236298 0.000208499 0.000408235 0.000967763 0.00071271 0.000267082
9.99943e-06 9.9964e-06 9.99625e-06 9.9946e-06 9.99622e-06 9.99461e-06 9.99613e-06 9.99861e-06 9.99821e-06 0.170735 9.99468e-06 9.99501e-06 9.99999e-06 9.99446e-06 9.99539e-06 9.99595e-06 9.99888e-06 9.99858e-06 9.99703e-06 0.000162998 0.000252215 0.000314967 0.000356837 0.00128485 0.000324801 0.000183005 1.00041e-05 9.99585e-06 1.00036e-05 1.53798e-05 3.27493e-05 7.24695e-05 0.000139031 0.000316506 0.000379193 0.000466246 0.000438726 1.0144 9.99627e-06 9.99782e-06 9.99546e-06 9.99911e-06 9.99758e-06 9.99831e-06 9.99733e-06 9.99939e-06 9.99883e-06 0.000347863 0.00211711 0.000260354 0.000322919 0.000275278 0.000940465 0.000496781 0.000473346
9.99197e-06 9.99748e-06 9.99571e-06 9.9994e-06 9.99834e-06 9.99792e-06 1.00019e-05 9.99609e-06 0.177668 9.99514e-06 9.99519e-06 9.99936e-06 9.99761e-06 9.99712e-06 9.99989e-06 9.99916e-06 9.99526e-06 9.99467e-06 9.9959e-06 0.000124166 0.000213913 0.00026684 0.000295012 0.000974529 0.000345221 0.00016683 9.99559e-06 1.00047e-05 1.41786e-05 2.01051e-05 4.54902e-05 0.000101994 0.000190576 0.000359307 0.000434206 0.000542643 0.000406883 0.00396216 1.00021e-05 9.99924e-06 9.99605e-06 9.99569e-06 9.99727e-06 9.99561e-06 9.99843e-06 9.99989e-06 1.29777e-05 0.000468299 0.00191041 0.000185881 0.000261096 0.000303176 0.000917774 0.000380869 0.000387238
9.99573e-06 9.99886e-06 9.99793e-06 9.995e-06 9.99801e-06 9.9986e-06 9.99872e-06 2.62053e-05 3.17767 9.9964e-06 9.99649e-06 9.99456e-06 9.99703e-06 9.99578e-06 9.99745e-06 9.99676e-06 9.99686e-06 9.99723e-06 9.99826e-06 9.99978e-06 0.000162998 0.000197923 0.00020636 0.000634182 0.000395054 0.000131698 1.00032e-05 1.38668e-05 1.95136e-05 2.46071e-05 6.40912e-05 0.000144147 0.000259898 0.000405661 0.000499845 0.00056347 0.000940835 0.00383569 9.99629e-06 9.99604e-06 9.99475e-06 9.99825e-06 9.99885e-06 9.99328e-06 9.99567e-06 9.99991e-06 2.01565e-05 0.000670898 0.00166035 8.63326e-05 5.04028e-05 0.000358013 0.000696821 0.000524534 0.000200688
9.99508e-06 9.99462e-06 9.99788e-06 9.99893e-06 9.99647e-06 9.99882e-06 1.14317e-05 2.18428e-05 0.00151607 9.99671e-06 9.99839e-06 9.99685e-06 9.99515e-06 9.9982e-06 9.99964e-06 9.9993e-06 9.99894e-06 9.99941e-06 9.99666e-06 9.99522e-06 0.000124166 7.9014e-05 5.029e-05 0.000172226 0.000505369 3.7922e-05 1.19102e-05 2.15761e-05 2.38116e-05 2.84982e-05 9.25125e-05 0.000204137 0.000351346 0.000442916 0.000504259 0.000544489 0.000566029 0.00347762 1.00025e-05 9.99581e-06 9.99253e-06 9.99837e-06 9.99439e-06 9.99754e-06 9.99579e-06 9.99947e-06 3.14548e-05 0.00100326 0.00129037 0.000114608 6.59435e-05 0.000236562 0.000643305 0.000328835 0.000203263
9.99904e-06 9.99827e-06 9.99342e-06 9.9952e-06 9.9984e-06 9.99829e-06 1.75534e-05 2.95096e-05 0.00146102 9.9962e-06 9.99475e-06 9.99902e-06 9.99572e-06 9.99446e-06 9.9981e-06 9.99444e-06 9.99898e-06 9.99515e-06 9.99918e-06 9.9996e-06 9.99771e-06 9.99884e-06 9.99632e-06 0.000124166 0.000330418 5.5868e-05 2.44182e-05 2.87877e-05 2.52254e-05 3.20566e-05 0.000137209 0.000288211 0.000380997 0.000439488 0.000478541 0.000501204 0.000505241 0.00328251 1.15292e-05 9.99593e-06 9.99792e-06 9.99523e-06 9.99527e-06 9.99635e-06 9.9957e-06 9.99668e-06 4.92662e-05 0.00153978 0.000473611 0.000152792 9.92568e-05 0.000274587 0.000244313 0.000337853 0.000208214
9.99603e-06 9.99557e-06 9.99536e-06 1.00013e-05 9.99825e-06 9.9982e-06 2.7165e-05 3.86335e-05 0.00140412 9.99545e-06 9.99877e-06 9.99525e-06 9.99654e-06 9.99724e-06 9.99714e-06 9.99666e-06 9.99991e-06 9.99993e-06 9.99512e-06 9.99761e-06 9.99546e-06 9.99523e-06 9.99459e-06 9.99664e-06 0.000124166 7.9014e-05 5.029e-05 3.20973e-05 2.05593e-05 3.74373e-05 0.00020791 0.000306797 0.000371161 0.000404892 0.000428552 0.000436393 0.000421113 0.00310702 1.73925e-05 9.99907e-06 9.99843e-06 9.9979e-06 9.99959e-06 9.99741e-06 9.99527e-06 9.99932e-06 7.73806e-05 0.00152884 0.000197303 1.00003e-05 0.000151823 0.000151506 9.33899e-05 6.05053e-05 0.000217524
9.99903e-06 9.99784e-06 9.99841e-06 9.99601e-06 1.00016e-05 9.99568e-06 4.23033e-05 4.77233e-05 0.00134482 9.99482e-06 9.99626e-06 9.99946e-06 9.99588e-06 9.99744e-06 9.9998e-06 9.99911e-06 9.99447e-06 9.99635e-06 9.99759e-06 9.99865e-06 9.99879e-06 9.99609e-06 9.99542e-06 9.99469e-06 9.99822e-06 9.99766e-06 9.99549e-06 9.99707e-06 9.99606e-06 5.029e-05 0.000207013 0.000289906 0.000333842 0.000341415 0.000357353 0.000349177 0.000402225 0.00295996 2.63528e-05 1.00021e-05 9.99569e-06 9.99769e-06 9.99812e-06 9.99664e-06 9.99568e-06 9.99926e-06 0.000121812 0.00141519 0.000195862 9.99516e-06 9.99311e-06 1.44464e-05 0.000193061 1.00005e-05 1.00023e-05
9.9989e-06 9.99569e-06 9.99578e-06 9.99582e-06 9.99566e-06 1.00013e-05 6.61927e-05 5.18296e-05 0.00128278 9.99703e-06 9.99429e-06 9.99467e-06 9.99556e-06 9.99803e-06 9.99835e-06 9.99888e-06 9.99916e-06 9.99765e-06 9.99447e-06 9.99835e-06 9.99861e-06 9.99559e-06 9.99806e-06 9.9986e-06 9.99799e-06 9.99497e-06 9.99452e-06 9.9978e-06 9.9989e-06 7.9014e-05 0.000199248 0.000255497 0.000270291 0.000239284 0.000267815 0.000337879 0.000449191 0.00281602 4.0054e-05 1.00012e-05 9.99859e-06 9.99555e-06 9.99975e-06 9.99601e-06 9.99637e-06 9.99605e-06 0.000191843 0.00128549 0.000193735 9.99981e-06 9.99559e-06 9.99454e-06 9.99904e-06 9.99718e-06 9.99958e-06
9.99638e-06 9.99549e-06 9.9959e-06 9.9985e-06 9.99552e-06 9.99846e-06 0.000103956 0.000385552 0.00121864 9.99743e-06 9.99989e-06 9.99703e-06 9.9987e-06 9.99999e-06 9.99611e-06 9.9987e-06 9.99949e-06 9.99686e-06 9.9996e-06 9.99963e-06 9.99936e-06 9.99899e-06 9.99702e-06 9.99596e-06 9.99481e-06 9.99672e-06 9.99824e-06 9.99816e-06 9.99823e-06 0.000124166 0.000165894 0.000186804 0.000158881 0.000203403 0.000292612 0.000398809 0.000545222 0.0026484 6.10108e-05 1.19677e-05 9.99887e-06 9.99601e-06 9.99452e-06 9.99968e-06 9.99998e-06 9.99871e-06 0.000185618 0.00112427 0.000189468 9.9996e-06 9.99782e-06 9.99826e-06 9.99538e-06 9.99628e-06 9.99755e-06
9.99884e-06 9.99935e-06 9.99607e-06 9.99834e-06 9.99831e-06 9.99554e-06 0.000163454 0.000246763 0.00100689 9.99663e-06 9.99787e-06 9.99804e-06 9.99972e-06 9.9969e-06 9.99637e-06 9.99757e-06 9.99841e-06 9.99726e-06 9.99776e-06 9.99485e-06 9.99962e-06 9.9981e-06 9.9953e-06 9.99712e-06 9.99821e-06 9.99691e-06 9.99742e-06 9.99925e-06 9.99766e-06 9.99693e-06 2.30734e-05 3.25765e-05 0.00012589 0.00024157 0.000367524 0.000489677 0.000670673 0.00242959 9.30674e-05 1.82568e-05 9.99598e-06 9.99614e-06 9.99807e-06 9.99492e-06 9.99467e-06 9.99871e-06 0.00017288 0.000955947 0.000180831 9.99536e-06 9.99869e-06 9.99803e-06 9.99498e-06 9.99447e-06 9.99526e-06
9.99556e-06 1.00038e-05 9.99525e-06 9.99536e-06 9.99544e-06 9.99852e-06 0.000125037 0.000201614 0.00085726 9.99479e-06 9.99641e-06 9.99963e-06 9.99667e-06 9.99829e-06 9.99728e-06 9.99592e-06 9.99603e-06 9.99435e-06 9.99731e-06 9.99731e-06 9.99901e-06 9.99451e-06 9.99928e-06 9.99821e-06 9.99522e-06 9.99795e-06 9.99579e-06 9.99739e-06 9.99773e-06 9.99958e-06 3.6056e-05 4.00515e-05 0.000189634 0.000331805 0.000471826 0.00059491 0.000761539 0.00212851 0.000142269 2.80527e-05 9.9988e-06 9.99929e-06 9.99665e-06 9.99695e-06 9.999e-06 9.99881e-06 0.000145937 0.000782399 0.000162999 9.9962e-06 9.99451e-06 9.997e-06 9.99566e-06 9.9964e-06 9.9948e-06
9.99502e-06 9.9948e-06 9.99797e-06 9.99825e-06 9.99823e-06 9.99824e-06 1.00002e-05 0.000133199 0.000719417 0.000299979 9.99913e-06 9.9957e-06 9.99917e-06 9.99447e-06 9.99447e-06 9.99447e-06 9.99901e-06 9.99731e-06 0 0 9.99731e-06 9.99901e-06 9.9945e-06 9.99596e-06 9.99665e-06 9.99847e-06 9.99886e-06 9.99507e-06 9.99507e-06 9.99688e-06 5.65334e-05 4.29182e-05 0.000289344 0.000445302 0.000512734 0.000632172 0.000845995 0.00173494 0.000217539 4.33642e-05 9.9988e-06 9.99918e-06 9.99924e-06 9.99971e-06 9.99801e-06 9.99896e-06 8.25241e-05 0.000611256 0.000124168 9.998e-06 9.99759e-06 9.99858e-06 9.99763e-06 9.99823e-06 9.99919e-06
1.00003e-05 9.99764e-06 9.99818e-06 9.9987e-06 9.99578e-06 9.99506e-06 1.40328e-05 4.26604e-05 0.000453406 0.000297185 9.9949e-06 9.998e-06 9.99671e-06 9.99598e-06 9.99612e-06 9.99847e-06 9.99731e-06 0 0 0 0 9.99731e-06 9.99901e-06 9.99607e-06 9.99883e-06 9.99679e-06 9.99805e-06 9.99987e-06 9.99845e-06 9.9977e-06 8.88735e-05 0.000311253 0.0003574 0.00049545 0.000493539 0.000668754 0.000973754 0.00119497 0.000223472 6.73602e-05 9.99874e-06 9.99898e-06 9.99559e-06 9.99959e-06 9.99679e-06 9.99812e-06 0.000129355 0.000467029 9.99553e-06 9.99929e-06 9.99851e-06 9.99498e-06 9.99892e-06 9.99922e-06 9.99985e-06
9.99525e-06 9.99786e-06 9.99561e-06 9.99635e-06 9.99592e-06 9.99883e-06 2.17354e-05 6.25731e-05 0.000125506 0.000381045 9.99577e-06 9.9962e-06 9.99804e-06 9.99749e-06 9.99829e-06 9.99151e-06 0 0 0 0 0 0 9.99731e-06 9.99441e-06 9.99435e-06 9.99917e-06 9.9947e-06 9.99672e-06 9.99633e-06 9.99477e-06 0.000139752 0.00015723 0.000300048 0.000537023 0.000401514 0.000754658 0.00117967 0.000275033 0.000223281 0.000105079 9.99868e-06 1.0002e-05 9.9948e-06 9.99729e-06 9.99485e-06 1.1131e-05 0.000202861 0.000321744 9.99765e-06 9.99598e-06 9.99843e-06 9.99946e-06 9.99805e-06 9.99917e-06 9.9986e-06
4.29977e-06 9.99151e-06 9.99744e-06 9.99998e-06 9.99716e-06 9.995e-06 3.3926e-05 9.14521e-05 0.000173696 0.000217465 1.75884 9.99858e-06 9.99807e-06 9.99924e-06 9.99435e-06 9.99435e-06 9.99731e-06 0 0 0 0 0 0 9.99789e-06 9.99982e-06 9.99872e-06 9.99753e-06 9.9949e-06 9.998e-06 9.99697e-06 6.5832e-05 0.000171836 0.000315949 0.000656713 0.000884197 0.000976336 0.00053013 0.00020703 0.000198839 0.000164299 1.00052e-05 9.99863e-06 9.99759e-06 9.99473e-06 9.99517e-06 1.6914e-05 0.000205813 1.58797e-05 9.99918e-06 9.99718e-06 9.99469e-06 9.99988e-06 9.99646e-06 9.99579e-06 9.99502e-06
