test/known_good_answers/boscastle50m_72hr_u/WaterDepths3360.asc
ncols	120
nrows	60
xllcorner	209000
yllcorner	89000
cellsize	50
NODATA_value	-9999
[rows 24 to 47 of 60, columns 0 to 54 of 120]
0.00339658 0.000745765 0.000814545 0.00111567 0.00158549 0.00133554 0.000797735 9.99924e-06 9.99928e-06 1.87375e-05 7.61382e-05 4.88578e-05 0.00138306 0.00231131 0.00305858 0.00225142 0.00170995 0.00526155 0.000446565 0.000120446 1.02284 9.99936e-06 9.99967e-06 9.99879e-06 9.99874e-06 9.99949e-06 9.9983e-06 9.99668e-06 9.99301e-06 9.99845e-06 2.93968e-05 1.00011e-05 1.00617e-05 1.17302e-05 1.17112e-05 0.000149178 0.000194791 0.000124498 7.98641e-05 5.26127e-05 0.00349432 0.000361733 0.000300738 0.000340612 0.000259722 9.66412e-05 9.99581e-06 9.99956e-06 1.00066e-05 1.61528e-05 6.80559e-05 0.000247759 0.00234199 0.000427971 0.000214173
0.00318393 0.000390849 0.000310197 0.000384899 0.000565434 0.000793222 0.000705998 0.00053476 9.38408e-05 0.00023356 0.000646432 0.00126118 0.00130523 0.00145446 0.00139003 0.00117577 0.000977391 0.00444553 0.000281242 5.44177e-05 0.00701581 0.00696554 9.99882e-06 9.99617e-06 9.99855e-06 9.99677e-06 9.99924e-06 9.99585e-06 9.99301e-06 9.99797e-06 2.44688e-05 1.359e-05 1.53195e-05 1.24045e-05 1.06793e-05 1.00053e-05 9.99818e-06 1.00014e-05 9.99866e-06 1.04198e-05 0.00335978 0.000414553 0.000254096 0.000282448 0.000243952 0.000150584 1.0002e-05 9.99907e-06 1.77808e-05 2.14963e-05 0.000102505 0.000215404 0.00210186 0.000113105 0.00023357
0.00307314 0.000254696 0.000220978 0.000133066 8.9909e-05 0.000788766 0.000770932 0.000391993 8.77015e-05 0.000236499 0.000454693 0.000834334 0.00127654 0.00152967 0.00125084 0.000853325 0.000660689 0.00403456 0.000308322 0.000112207 4.12086e-05 0.00692057 0.00686954 9.99845e-06 9.99553e-06 1.00017e-05 9.99616e-06 1.00011e-05 1.09803e-05 1.66647e-05 1.56148e-05 2.08089e-05 2.35657e-05 9.99775e-06 1.00015e-05 9.99828e-06 1.0004e-05 9.99842e-06 1.00014e-05 1.31539e-05 0.00320871 0.000544671 0.000220458 0.000162233 0.000167148 2.11391e-05 1.09577e-05 9.9992e-06 2.65698e-05 2.4005e-05 0.00015588 0.000301042 0.00197625 7.81774e-05 2.91525e-05
0.00299243 1.15262e-05 0.000291211 0.000167954 8.95726e-05 0.000720633 0.000456076 0.000496176 0.000134203 0.000374962 0.000526745 0.00106436 0.00158689 0.00169963 0.000849199 0.000149843 0.00042725 0.00374458 0.000330712 0.000162974 8.48718e-05 6.20052e-05 0.00682453 0.00677418 0.000147601 9.99699e-06 1.00019e-05 1.00015e-05 1.00011e-05 9.99799e-06 1.00057e-05 1.66382e-05 3.39418e-05 1.6653e-05 1.00035e-05 1.00009e-05 9.99583e-06 1.00014e-05 9.9957e-06 1.82824e-05 0.00300264 0.000784681 0.000269198 0.000154431 7.45594e-05 2.84184e-05 1.29149e-05 1.25273e-05 4.14359e-05 2.02204e-05 0.00024052 0.000413391 0.00182298 0.000664864 0.00031665
0.00261595 0.000678735 0.000389192 0.000228605 0.000185035 0.000613408 0.000312388 0.000326987 0.000277641 0.00044298 0.000559225 0.0014201 0.00197419 0.000319429 0.000711683 0.000193718 0.000627062 0.00352912 0.000341724 0.000223131 0.00017534 3.14952e-05 3.10252e-05 0.00671451 0.00666737 0.000239448 0.000243371 0.000250752 0.000264851 0.000291688 0.000342446 0.000326916 4.63752e-05 2.56873e-05 1.20338e-05 9.99952e-06 9.99948e-06 9.99587e-06 1.00015e-05 2.67579e-05 0.00267121 0.00108594 0.000360244 0.00021488 0.000107483 3.94742e-05 1.25402e-05 1.89987e-05 6.4935e-05 0.00028007 0.000376034 0.000446238 0.00132454 0.000368669 9.59637e-05
0.01 0.000791608 0.000517628 0.0003617 0.000290369 0.000227717 0.00013126 0.00023364 0.000575031 0.000475218 0.000564806 0.0020063 0.00107265 0.000195915 0.000359557 0.000401088 0.000933289 0.00322392 0.000317896 0.000263352 0.000277626 4.52923e-05 2.9421e-05 1.9196e-05 0.00657708 0.00651644 0.00470476 0.00256871 0.00153684 0.00107928 0.000572226 0.000153122 6.18096e-05 3.5295e-05 1.84478e-05 1.00032e-05 9.99859e-06 1.00013e-05 9.99559e-06 4.02548e-05 0.0021229 0.00154776 0.000476835 0.000297224 0.000156069 5.78572e-05 9.99666e-06 3.8921e-05 9.62874e-05 0.000251373 0.000339449 0.000396347 0.000916902 0.000450937 0.000232533
0.00352527 0.000795477 0.00055263 0.000423196 0.000343843 0.000304116 0.00027152 0.000160914 0.000355408 0.000657336 0.000546686 0.0017974 0.000847076 0.000278039 0.000374473 0.000436284 0.00126864 0.00275202 0.000227389 4.57046e-05 0.000305153 9.33296e-05 9.99684e-06 9.998e-06 0.000147386 0.0137679 0.00323238 0.00156076 0.00064753 0.000550504 0.000412548 0.000219772 8.1975e-05 4.75845e-05 2.65286e-05 1.28889e-05 9.99476e-06 1.00013e-05 1.00043e-05 6.14762e-05 0.00101847 0.0022593 0.000525024 0.000406807 0.000226779 9.09898e-05 9.99934e-06 6.0633e-05 0.000137894 0.000226867 0.000287824 0.000325459 0.000347559 0.000522253 9.99395e-06
0.00329233 0.000773188 0.000569328 0.000491738 0.000378022 0.00033188 0.000359662 0.000332737 0.000390672 0.000815258 0.000292911 0.00106369 0.00129074 0.000285408 0.000337642 0.000376615 0.0018154 0.00202892 0.000205516 6.15089e-05 9.51022e-05 0.000147354 9.99884e-06 9.99896e-06 9.99484e-06 0.000147309 0.0154946 0.00219511 0.000643096 0.000573984 0.000459376 0.000319145 0.000108514 6.33582e-05 3.62245e-05 1.98159e-05 1.00016e-05 9.99562e-06 1.00063e-05 9.49858e-05 0.00154452 0.00150948 0.000528873 0.000443625 0.000326137 0.000143007 9.99842e-06 9.50653e-05 0.000194889 0.000137894 0.000195062 0.000218257 0.000228142 0.000146001 0.484113
0.00305962 0.000719913 0.000540284 0.000488111 0.000417678 0.000298906 0.000249203 0.000413997 0.000520618 0.000539386 0.000317313 0.000851131 0.00114281 0.00049007 0.000249965 0.000283285 0.00273872 0.000364003 0.000148749 1.00014e-05 1.15468e-05 0.000231799 9.99956e-06 9.99317e-06 9.99443e-06 9.99921e-06 0.00330169 0.0032491 0.000611904 0.000579451 0.000473842 0.000353376 0.000143735 8.40475e-05 4.83239e-05 2.83927e-05 1.45467e-05 1.00023e-05 1.1134e-05 0.00014781 0.00146894 0.00120813 0.000503205 0.000436792 0.000346156 0.000224915 9.99597e-06 0.000149444 9.50653e-05 6.0633e-05 3.88028e-05 2.49407e-05 1.61216e-05 1.04982e-05 0.000236596
0.00283786 0.000651627 0.000483608 0.000443784 0.000408288 0.000341703 0.000387732 0.000282259 0.000409428 0.000219365 0.000562373 0.000593241 0.00111247 0.000330306 0.000385988 0.000311609 0.0025301 0.000414177 1.02071e-05 9.99928e-06 9.9949e-06 9.99853e-06 9.99812e-06 9.9998e-06 9.99846e-06 9.99481e-06 9.99873e-06 1.01665 0.000541911 0.000577646 0.000473904 0.000397448 0.000190674 0.000111615 6.34233e-05 3.8384e-05 2.24511e-05 1.03935e-05 1.42465e-05 0.000230873 0.000417821 0.00167924 0.00045674 0.000404991 0.000325279 0.000214635 9.99308e-06 0.000235091 9.99772e-06 9.9946e-06 9.9976e-06 9.99785e-06 9.99905e-06 9.99706e-06 9.99589e-06
0.00263257 0.000580958 0.000407957 0.000358138 0.000349441 0.000288177 0.000361524 0.000320363 0.000131559 0.000186559 0.000460106 0.000453366 0.00108857 0.000362613 0.000311851 0.000222447 0.00228251 0.000557688 1.56623e-05 9.99641e-06 9.99605e-06 9.99613e-06 9.9977e-06 9.99622e-06 9.99909e-06 9.99581e-06 9.99605e-06 0.00478419 0.000499992 0.000668203 0.000540466 0.000450551 0.00025327 0.000149051 8.27401e-05 5.03219e-05 3.48959e-05 1.58637e-05 1.68953e-05 0.000224276 0.000461417 0.00129262 0.000389919 0.000358079 0.000290593 0.000193432 9.9964e-06 9.9984e-06 9.99514e-06 9.99829e-06 9.9975e-06 9.99543e-06 9.99832e-06 9.99629e-06 9.99532e-06
0.00244483 0.000522137 0.000331749 0.000225431 0.000274079 0.000199574 0.000267524 0.000342245 0.000271851 9.99327e-06 0.000238306 0.000624445 0.000826789 0.000426247 6.13505e-05 0.00010364 0.00198361 0.000798946 2.42137e-05 9.99475e-06 9.99901e-06 9.99451e-06 9.99913e-06 9.99595e-06 9.99785e-06 9.99554e-06 1.00022e-05 0.00462742 0.00115051 0.000693353 0.000618724 0.000507461 0.000336345 0.000200684 0.000108048 6.23281e-05 4.85456e-05 3.24305e-05 1.70588e-05 0.000210147 0.000546924 0.000853526 0.000291209 0.000290594 0.00023455 0.000147305 9.99878e-06 9.99987e-06 9.99941e-06 9.99496e-06 9.99811e-06 9.99504e-06 9.99643e-06 9.99831e-06 9.99909e-06
0.00227086 0.000482907 0.000295113 0.000167097 0.00019107 0.00011332 0.000176036 0.000274205 0.000305808 9.99653e-06 0.000241374 0.000390611 0.000764743 0.000280613 7.91262e-05 0.000136737 0.00154244 0.00119451 3.7653e-05 9.99965e-06 9.99923e-06 9.99789e-06 9.99554e-06 9.99875e-06 9.99558e-06 9.99874e-06 9.99968e-06 0.0041861 0.000694294 0.000671021 0.000625098 0.000553301 0.000445025 0.000272763 0.000143673 7.32388e-05 6.10469e-05 5.06634e-05 2.62878e-05 0.000180481 0.000707972 0.000225096 0.000123096 0.000193433 0.000147307 9.99796e-06 9.99789e-06 9.99636e-06 9.99914e-06 9.99858e-06 9.9948e-06 9.99986e-06 9.99523e-06 9.99777e-06 9.99622e-06
0.00210423 0.000443712 0.000266837 0.000138211 6.20685e-05 1.25371e-05 1.74481e-05 2.40333e-05 0.000368217 1.00041e-05 0.000247248 0.000401215 0.00029062 0.000325741 0.000118496 0.000181658 0.000572344 0.00183282 5.88143e-05 9.99902e-06 9.99991e-06 9.99644e-06 9.99862e-06 9.99526e-06 9.99507e-06 1.00017e-05 1.42939e-05 0.00394463 0.000620691 0.000618995 0.000595189 0.000551191 0.000482819 0.000372892 0.000197512 8.2878e-05 6.9147e-05 6.88609e-05 5.3988e-05 0.000108514 0.000441593 0.000147314 9.99488e-06 9.99987e-06 9.99778e-06 9.99661e-06 9.99986e-06 9.99718e-06 9.99564e-06 9.99785e-06 9.99732e-06 9.99692e-06 9.99869e-06 9.99546e-06 9.99989e-06
0.00194497 0.000397016 0.000229646 0.000194616 9.42946e-05 1.00023e-05 1.00009e-05 1.19476e-05 0.000234313 1.41646e-05 0.000258241 7.20872e-05 0.000110753 0.000179935 0.00018055 1.00018e-05 0.000234298 0.00182374 9.21848e-05 9.99829e-06 9.99997e-06 9.99729e-06 9.99773e-06 9.99763e-06 9.99564e-06 9.99603e-06 2.13691e-05 0.003727 0.00051877 0.000540316 0.000535362 0.000511598 0.000474517 0.00039944 0.000281892 9.38691e-05 6.77806e-05 8.07785e-05 0.00011132 0.000149786 0.000193358 9.99834e-06 9.99789e-06 9.99793e-06 9.99567e-06 9.99623e-06 9.99733e-06 9.99816e-06 9.9978e-06 9.99613e-06 9.99792e-06 9.99998e-06 9.99523e-06 9.99813e-06 9.99511e-06
0.00179562 0.00034305 7.44493e-05 9.5071e-05 0.000147323 9.99503e-06 9.99503e-06 9.99834e-06 9.99594e-06 9.99902e-06 1.00016e-05 1.13433e-05 0.000228711 1.82429e-05 9.99502e-06 9.99797e-06 0.000232536 0.00168776 0.000144877 9.99646e-06 9.99621e-06 9.9974e-06 9.99744e-06 9.99765e-06 9.99866e-06 1.00017e-05 3.21166e-05 0.00354414 0.000491965 0.000434056 0.000448753 0.000436429 0.000433048 0.000385766 0.000290003 0.000115023 5.15497e-05 4.01148e-05 6.16515e-05 9.5197e-05 0.000147438 9.99793e-06 9.99496e-06 9.99967e-06 9.9977e-06 9.99435e-06 9.99571e-06 9.99466e-06 9.99842e-06 9.99621e-06 9.99725e-06 9.9952e-06 9.99501e-06 9.99884e-06 9.99879e-06
0.00165852 0.000350337 4.83715e-05 1.03634e-05 9.9991e-06 9.99745e-06 9.99928e-06 9.99595e-06 9.99558e-06 9.99861e-06 9.99195e-06 9.99856e-06 9.99958e-06 9.99491e-06 9.99622e-06 9.99763e-06 0.000229999 0.00153284 0.000227841 9.99926e-06 9.99592e-06 9.9944e-06 9.99643e-06 9.99544e-06 9.99589e-06 1.00487e-05 4.84651e-05 0.0033665 0.00054259 0.000414712 0.000338644 0.000313985 0.000358223 0.000350509 0.000293336 0.000162127 6.05461e-05 9.99908e-06 1.00034e-05 1.17838e-05 0.000231909 9.99874e-06 9.99509e-06 9.99764e-06 9.99853e-06 9.99746e-06 9.99795e-06 9.99604e-06 9.9958e-06 9.99768e-06 9.99637e-06 9.99644e-06 9.99694e-06 9.99989e-06 9.99686e-06
0.00151372 0.000373153 7.3123e-05 1.59173e-05 9.99501e-06 9.99408e-06 9.99947e-06 9.99954e-06 9.99625e-06 9.99678e-06 9.99809e-06 9.99684e-06 9.9957e-06 9.999e-06 9.99829e-06 9.99438e-06 0.000224915 0.00134066 0.000220514 9.99921e-06 9.99985e-06 9.99901e-06 9.99646e-06 9.99832e-06 9.9988e-06 1.49845e-05 7.33324e-05 0.0031624 0.000652731 0.000480712 0.000359028 0.000262337 0.00022433 0.000270857 0.00026704 0.000235096 9.41003e-05 9.99596e-06 9.99873e-06 9.9959e-06 1.00017e-05 9.99849e-06 9.99952e-06 9.99616e-06 9.99765e-06 9.99819e-06 9.999e-06 9.99495e-06 9.99802e-06 9.99842e-06 9.99738e-06 9.99719e-06 9.99928e-06 9.99966e-06 9.9998e-06
0.00135408 0.000400775 0.000110781 2.46286e-05 9.99537e-06 9.99544e-06 9.99496e-06 9.99444e-06 9.99901e-06 9.99611e-06 9.9958e-06 9.99501e-06 9.99535e-06 9.99817e-06 9.99983e-06 9.99576e-06 0.000214636 0.00114016 0.00020552 9.99921e-06 9.99432e-06 9.99319e-06 9.99561e-06 9.99577e-06 9.99867e-06 2.25905e-05 0.000111409 0.0028989 0.00079966 0.000584719 0.000440777 0.000294856 0.000168675 9.57737e-05 0.000131634 0.000193548 0.000147456 9.99578e-06 9.99559e-06 1.00041e-05 9.99583e-06 9.99603e-06 9.99905e-06 9.99571e-06 9.99791e-06 9.99543e-06 9.99895e-06 9.9973e-06 9.99323e-06 9.99469e-06 9.99692e-06 9.99679e-06 9.99805e-06 9.9982e-06 9.99816e-06
0.00117412 0.000428343 0.00016804 3.83219e-05 9.99619e-06 9.99575e-06 9.99741e-06 9.99535e-06 9.99651e-06 9.99844e-06 9.99511e-06 9.99666e-06 9.9958e-06 9.99832e-06 9.99435e-06 9.99651e-06 0.000193433 0.000933541 0.000173822 9.99909e-06 9.99916e-06 9.9953e-06 9.99893e-06 9.99905e-06 9.9986e-06 3.43499e-05 0.000169757 0.00253857 0.000907228 0.000708167 0.000561583 0.000395036 0.000225921 4.8403e-05 4.3229e-05 9.99562e-06 9.99868e-06 9.99854e-06 1.00042e-05 9.99844e-06 9.99552e-06 9.99839e-06 9.99572e-06 9.99861e-06 9.99506e-06 9.99665e-06 9.99952e-06 9.99506e-06 9.9974e-06 9.99679e-06 9.99878e-06 9.99765e-06 9.99899e-06 9.99771e-06 9.99624e-06
0.000967508 0.000441656 0.000254685 5.98874e-05 9.99432e-06 9.9983e-06 9.99965e-06 9.99759e-06 9.99471e-06 9.99903e-06 9.99903e-06 9.99915e-06 9.99818e-06 9.99904e-06 9.99808e-06 9.99835e-06 0.000147307 0.000729818 9.94484e-05 9.99968e-06 9.99496e-06 9.99596e-06 9.99862e-06 9.99635e-06 9.99813e-06 5.26173e-05 0.000258894 0.00206858 0.00100801 0.000752366 0.000610135 0.000529513 0.000344056 5.19614e-05 6.74495e-05 9.99801e-06 9.9957e-06 1.0004e-05 9.99845e-06 9.9955e-06 9.99802e-06 9.99497e-06 9.99787e-06 9.99839e-06 9.99558e-06 9.99564e-06 9.99964e-06 9.99844e-06 9.99997e-06 9.99575e-06 9.9986e-06 9.9957e-06 9.99837e-06 9.99761e-06 9.99541e-06
0.000729964 0.000403175 0.000254318 9.39033e-05 9.99637e-06 9.99627e-06 9.99626e-06 9.99592e-06 9.99781e-06 9.99642e-06 9.99807e-06 9.99879e-06 9.99955e-06 9.99558e-06 9.99862e-06 9.99962e-06 9.99935e-06 0.000557853 0.000155354 1.0514e-05 9.99948e-06 9.99798e-06 9.99514e-06 1.00022e-05 1.00032e-05 8.11262e-05 0.000265968 0.00142438 0.00116059 0.000795696 0.00058749 0.000588983 0.000424751 0.000369666 0.000105732 9.9961e-06 1.00018e-05 9.99813e-06 9.99547e-06 9.99522e-06 9.99763e-06 9.99739e-06 9.9974e-06 9.99793e-06 4.94356e-06 1.25742e-05 1.24916e-05 7.18283e-07 9.99647e-06 9.99774e-06 9.99865e-06 9.99545e-06 9.9978e-06 9.9979e-06 9.99505e-06
0.000472018 0.000333564 0.00023455 0.000147305 9.99837e-06 9.99655e-06 9.99957e-06 9.99986e-06 9.99978e-06 9.99553e-06 9.9959e-06 9.998e-06 9.9975e-06 9.99986e-06 9.99806e-06 9.99578e-06 9.99877e-06 0.00038431 0.00024287 1.57278e-05 9.99682e-06 9.99832e-06 9.99501e-06 1.00011e-05 1.20063e-05 0.000125791 0.000265684 0.000327054 0.00140662 0.00089735 0.000478715 0.000638234 0.000356691 0.000187096 0.000165933 9.99846e-06 9.99641e-06 9.99877e-06 9.9956e-06 9.99512e-06 9.99464e-06 9.99444e-06 1.00003e-05 9.9965e-06 4.19345e-05 8.77565e-06 7.18283e-07 0 0 9.99301e-06 9.99758e-06 9.99713e-06 9.99864e-06 9.99982e-06 9.99907e-06
0.000173359 0.000215302 0.000147305 9.99967e-06 9.99677e-06 9.99831e-06 9.99562e-06 9.99696e-06 9.9952e-06 9.99815e-06 9.9998e-06 9.99409e-06 9.99543e-06 9.99905e-06 9.99955e-06 9.9948e-06 9.99962e-06 2.05696e-05 0.000247655 2.38087e-05 9.99919e-06 9.99823e-06 9.99607e-06 1.22926e-05 1.44215e-05 0.00019566 0.00023651 0.000246168 0.000634819 0.00115967 0.00105066 0.000780091 0.000375499 0.000204385 7.83893e-05 9.99739e-06 9.99869e-06 9.99619e-06 9.99579e-06 9.99803e-06 9.99758e-06 1.00004e-05 9.99562e-06 8.14595e-05 8.16269e-05 4.14661e-05 4.13581e-06 0 9.99647e-06 9.9983e-06 9.9983e-06 9.99964e-06 9.9982e-06 9.99632e-06 1.71725
