test/known_good_answers/boscastle50m_72hr_u/WaterDepths3360.asc
ncols	120
nrows	60
xllcorner	209000
yllcorner	89000
cellsize	50
NODATA_value	-9999
[rows 0 to 23 of 60, columns 0 to 54 of 120]
0.01 1.42047e-05 0.00471841 0.00644533 0.00744657 0.0081176 0.00859776 0.00895323 0.0092208 0.00942343 0.00957754 0.00969598 0.00978632 0.00985384 0.00990238 0.00993575 0.00995773 0.00997397 0.0099857 0.00999377 0.00999856 0.01 0.01 0.01 0.01 0.01 0.01 0.01 0.01 0.01 0.01 0.01 0.01 0.01 0.01 0.01 0.00133252 0.0012026 0.005733 0.00109755 0.000985028 0.000547692 0.000374722 0.000235091 9.99947e-06 9.99856e-06 0.01 1.00016e-05 0.01 0.00346504 0.00209545 0.0012057 0.000519814 0.000513789 0.000506895
6.29164e-06 9.88131e-324 3.47313e-07 5.90628e-07 7.11098e-07 7.61092e-07 7.73949e-07 7.74017e-07 7.64913e-07 7.27454e-07 6.50456e-07 6.29449e-07 6.29485e-07 6.51738e-07 6.52734e-07 6.18937e-07 3.65613e-07 3.51044e-07 3.5592e-07 4.21026e-07 7.04217e-07 1.59541e-06 7.02755e-07 4.23381e-07 9.88131e-324 9.88131e-324 9.88131e-324 9.88131e-324 2.21317e-10 1.86045e-05 3.46876e-05 1.95295e-05 1.40163e-05 5.44407e-07 9.59986e-07 2.96261e-06 2.64684e-06 3.05936e-05 1.93267e-05 0.000171616 0.000742319 0.000190923 9.99668e-06 9.99699e-06 9.99957e-06 9.99785e-06 9.99863e-06 1.14046e-05 0.000109167 0.00278094 0.00170902 0.00105714 9.88131e-324 1.39644e-08 1.69441e-08
0.00313913 3.47313e-07 0.000737226 0.000961416 0.00105493 0.00109139 0.00110058 0.00110062 0.00109413 0.00106699 0.00100891 0.00099246 0.000992485 0.00100985 0.00101062 0.000984091 0.000756319 0.000741097 0.00074623 0.000811649 0.0010498 0.00158029 0.00104872 0.000813959 9.99636e-06 9.99926e-06 9.99984e-06 9.99774e-06 9.9977e-06 0.0053997 0.00737558 0.00553243 0.00468601 0.000113034 0.000165008 0.000239049 0.000200082 3.34631e-05 3.68669e-05 3.0169e-05 0.000315918 9.39695e-05 9.99608e-06 9.99538e-06 9.99873e-06 9.99454e-06 9.99738e-06 9.99789e-06 0.000154384 0.000907832 0.0018895 0.00153525 0.00181067 0.000147485 1.11858e-05
0.00420746 6.46507e-07 0.00100586 0.00130942 0.0014334 0.00147974 0.0014901 0.0014901 0.00147831 0.00143207 0.0012529 0.00121735 0.00122585 0.00133862 0.00137642 0.0013834 9.99598e-06 0.000838085 0.000839749 0.000845715 9.99362e-06 0.000374722 9.99703e-06 9.99857e-06 9.99552e-06 9.99442e-06 9.99913e-06 9.99488e-06 9.99626e-06 2.76818e-05 0.0128811 0.000746793 0.000409056 3.98395e-05 6.20788e-05 9.70726e-05 0.000151885 2.8541e-05 4.18439e-05 6.20081e-05 9.40508e-05 0.00014741 9.99599e-06 9.9983e-06 9.99606e-06 9.99498e-06 9.99644e-06 9.99809e-06 8.5637e-05 0.000760691 0.000773627 0.00115545 0.00171768 0.0017555 0.00025933
0.00472448 8.91476e-07 0.00118117 0.00152762 0.00166367 0.00171068 0.00171902 0.00171851 0.00170391 0.00169536 9.99949e-06 9.99668e-06 9.99971e-06 0.00151157 0.00155374 0.00156112 9.9958e-06 9.99766e-06 9.9981e-06 9.99923e-06 9.99971e-06 0.000235091 9.99463e-06 9.99651e-06 9.99758e-06 9.99969e-06 9.99668e-06 9.99938e-06 9.99614e-06 4.28211e-05 0.00251577 0.000939447 0.00063965 9.99631e-06 9.999e-06 9.99875e-06 9.99885e-06 9.99872e-06 1.17296e-05 1.29312e-05 9.9995e-06 9.99599e-06 9.99446e-06 9.9952e-06 9.9992e-06 9.99786e-06 9.99556e-06 9.99618e-06 9.99987e-06 9.99656e-06 9.99698e-06 0.000230341 0.00161313 0.00159209 0.00223557
0.00496175 1.1398e-06 0.00133561 0.00170176 0.00183779 0.00187812 0.00188077 0.00187053 0.00178924 0.00176921 9.9983e-06 9.99736e-06 9.99806e-06 9.99844e-06 0.00164978 0.00164217 9.99918e-06 9.99433e-06 9.9993e-06 9.99789e-06 9.99961e-06 9.99983e-06 9.99754e-06 9.99751e-06 9.99787e-06 9.99736e-06 9.99367e-06 9.9979e-06 9.99808e-06 6.66033e-05 0.00205021 0.00112254 0.00101119 9.99297e-06 9.99931e-06 9.99941e-06 9.99922e-06 9.9998e-06 1.00067e-05 1.93906e-05 2.88036e-05 1.00016e-05 9.99922e-06 9.99673e-06 9.99724e-06 9.99456e-06 9.99864e-06 9.99889e-06 9.99601e-06 9.99982e-06 9.99966e-06 1e-05 7.60745e-05 0.000670252 0.000524099
0.00503022 1.4664e-06 0.00151494 0.00186455 0.0019904 0.00202181 0.00202315 0.00202319 9.99846e-06 9.99863e-06 9.99736e-06 9.99499e-06 9.99432e-06 9.99806e-06 0.00168755 9.99452e-06 9.99602e-06 9.99586e-06 9.99758e-06 9.99969e-06 9.99668e-06 9.99956e-06 9.99886e-06 9.99781e-06 9.99784e-06 9.99499e-06 9.99736e-06 9.99871e-06 9.99638e-06 0.000884262 0.00136689 0.00115395 0.00154091 0.00205477 0.00151767 0.000591162 0.000400418 0.000203108 0.000168275 8.28184e-05 2.65738e-05 9.99798e-06 9.9943e-06 9.99447e-06 9.99655e-06 9.99822e-06 9.99985e-06 9.99984e-06 9.99886e-06 9.99947e-06 9.99515e-06 9.99975e-06 1.25618e-05 0.000170007 0.000169375
9.99329e-06 1.77639e-232 0.00179463 0.00202725 0.00213623 0.00214503 0.00209349 0.0020822 9.99093e-06 9.99463e-06 9.99806e-06 9.99432e-06 9.99499e-06 9.99736e-06 9.99771e-06 9.99932e-06 9.9984e-06 9.99942e-06 9.99659e-06 9.99499e-06 9.99736e-06 9.9978e-06 9.99991e-06 9.99736e-06 9.99499e-06 9.99432e-06 9.9983e-06 9.99641e-06 9.9998e-06 0.000460225 0.000431504 0.000581963 0.00082857 0.000962791 0.00118438 0.00154157 0.00113107 0.00109683 0.000978479 0.000670454 0.000426571 0.000148254 9.99496e-06 9.99785e-06 9.99907e-06 9.99534e-06 9.99796e-06 9.99672e-06 9.99616e-06 9.99842e-06 9.99955e-06 9.99833e-06 9.99976e-06 9.99791e-06 2.20923e-05
0.01 1.96036e-06 0.00175165 0.00214976 0.00231506 0.00235891 9.99432e-06 9.99499e-06 9.99917e-06 9.999e-06 9.99456e-06 9.99926e-06 9.99833e-06 9.99332e-06 9.99156e-06 9.99949e-06 9.99123e-06 9.99837e-06 9.99598e-06 9.99659e-06 9.99768e-06 9.9965e-06 9.99754e-06 9.99717e-06 9.99912e-06 9.99498e-06 9.99723e-06 9.99517e-06 0.000104928 0.000883563 0.000570661 0.000827282 0.000582213 0.000612912 0.000664267 0.000764519 0.000965658 0.000689956 0.00037396 0.000308068 0.00023455 0.000147305 9.99543e-06 9.99831e-06 9.99946e-06 9.99869e-06 9.99698e-06 9.99487e-06 9.99562e-06 9.9985e-06 9.99924e-06 9.9983e-06 9.99679e-06 9.99679e-06 9.99346e-06
0.01 1.97664e-06 0.00175891 0.00227195 0.00249389 0.00257645 9.99499e-06 0.00341101 0.00347218 0.00348728 9.9973e-06 9.99846e-06 9.99772e-06 9.9963e-06 9.99994e-06 9.99678e-06 9.9987e-06 9.99881e-06 9.996e-06 1e-05 9.996e-06 9.99835e-06 9.99453e-06 9.99491e-06 9.99459e-06 9.99543e-06 9.99944e-06 9.99902e-06 0.00160449 0.00151891 0.000995713 0.000347857 0.00043949 0.000448847 0.000444414 0.000416759 0.000378528 0.000334145 0.000308068 0.00023455 0.000147305 9.99481e-06 9.99662e-06 9.99628e-06 9.99987e-06 9.99769e-06 9.99625e-06 9.99589e-06 9.9985e-06 9.99838e-06 9.9972e-06 9.99668e-06 9.99301e-06 9.99301e-06 9.99668e-06
0.01 2.05748e-06 0.00179452 0.00239407 0.00266226 0.00285563 0.00314007 0.00326778 9.99446e-06 9.99637e-06 0.0587933 0.058792 9.99948e-06 9.99701e-06 9.99539e-06 9.99514e-06 9.99465e-06 9.99861e-06 9.99959e-06 9.99311e-06 9.99638e-06 9.99925e-06 9.99998e-06 9.99858e-06 9.99687e-06 0.00136047 0.00135308 0.00209113 0.00197952 0.000647408 0.000381745 0.000440612 0.000302058 0.00032943 0.000350438 0.000329827 0.000291254 0.000216174 0.00023455 0.000147305 9.99687e-06 9.99539e-06 9.99686e-06 9.99546e-06 9.99802e-06 9.99463e-06 9.99494e-06 9.99506e-06 9.99924e-06 9.99736e-06 9.99703e-06 9.9972e-06 9.9983e-06 9.99924e-06 9.99453e-06
0.01 2.12027e-06 0.0018217 0.00251383 0.00274576 0.00290184 0.00314074 0.00323823 9.9959e-06 9.9973e-06 9.99812e-06 0.0587867 9.99959e-06 9.99941e-06 9.99857e-06 9.99532e-06 9.99438e-06 9.99896e-06 9.99707e-06 9.9975e-06 9.9953e-06 9.99801e-06 9.99739e-06 0.000366467 0.00230493 0.00234201 0.00148372 0.000226218 0.000217282 0.000198949 0.000159689 5.934e-05 9.30258e-05 0.000146223 0.000229999 0.000224915 0.000214635 0.000193432 0.000147305 9.99457e-06 9.99641e-06 9.99701e-06 9.99598e-06 9.99825e-06 9.99463e-06 9.99916e-06 9.99977e-06 9.99633e-06 9.9983e-06 9.99499e-06 9.9983e-06 9.99924e-06 9.99849e-06 9.99469e-06 9.99741e-06
9.99957e-06 9.99934e-06 9.99899e-06 0.0027042 0.00278633 0.00289681 6.05932e-05 2.06657e-05 9.99492e-06 9.99687e-06 9.99893e-06 9.9976e-06 9.99898e-06 0.239122 9.99475e-06 9.99776e-06 9.99778e-06 9.99973e-06 9.99872e-06 9.99584e-06 9.99923e-06 9.99793e-06 0.000147305 0.00256321 0.00238774 0.000147305 9.99883e-06 9.99739e-06 9.99817e-06 9.99613e-06 9.99458e-06 9.99437e-06 9.99781e-06 9.99592e-06 9.99552e-06 9.99916e-06 9.99533e-06 9.99858e-06 9.99774e-06 9.99871e-06 9.99506e-06 9.99693e-06 9.99918e-06 9.99852e-06 9.99494e-06 9.99977e-06 9.99634e-06 9.9983e-06 9.99986e-06 9.9956e-06 9.99924e-06 9.99733e-06 9.99948e-06 9.99576e-06 9.99481e-06
9.9985e-06 9.99463e-06 9.99755e-06 9.99925e-06 9.9993e-06 5.6954e-05 8.84376e-05 3.20844e-05 9.99451e-06 9.99323e-06 9.99608e-06 9.99924e-06 9.99461e-06 9.9968e-06 0.236297 0.236286 0.000235091 9.99943e-06 9.99752e-06 9.99856e-06 9.99313e-06 9.99963e-06 0.00174244 0.0016478 9.99385e-06 9.99572e-06 9.99587e-06 9.99813e-06 9.9921e-06 9.99279e-06 9.9978e-06 9.99466e-06 9.99749e-06 9.9976e-06 9.99552e-06 9.99525e-06 9.99898e-06 9.99948e-06 9.99647e-06 9.99894e-06 9.99717e-06 9.99989e-06 9.99729e-06 9.99441e-06 9.99506e-06 9.99634e-06 9.9983e-06 9.99059e-06 9.99821e-06 9.99833e-06 9.99849e-06 9.99948e-06 9.99481e-06 9.99582e-06 9.99479e-06
9.99844e-06 9.9982e-06 9.99858e-06 9.99831e-06 9.99865e-06 0.262232 0.000128472 5.00536e-05 9.9952e-06 9.99669e-06 9.99642e-06 9.99826e-06 9.99613e-06 9.99746e-06 9.9979e-06 9.99918e-06 9.99761e-06 3.48136 2.48136 1.48136 0.00120989 0.000968727 0.00147219 0.00109566 0.000147305 9.99519e-06 9.99898e-06 9.99636e-06 9.99581e-06 9.99605e-06 9.99283e-06 9.9989e-06 9.99743e-06 9.99876e-06 9.99866e-06 9.99354e-06 9.99486e-06 9.99281e-06 9.9944e-06 9.99469e-06 9.99692e-06 9.99849e-06 9.99825e-06 9.99453e-06 9.99923e-06 9.9983e-06 9.99921e-06 9.99925e-06 9.99833e-06 9.99636e-06 9.99701e-06 9.99853e-06 9.99725e-06 9.99582e-06 9.99805e-06
9.99873e-06 9.99465e-06 9.99499e-06 9.99432e-06 1.26965e-05 0.262243 0.000185269 7.83794e-05 9.99961e-06 9.99808e-06 9.99135e-06 9.99536e-06 9.99678e-06 9.99847e-06 9.99828e-06 9.99614e-06 9.99892e-06 0.481365 1.48136 3.48136 0.00275421 1.01113 1.01113 0.00141048 0.000545616 0.000374722 0.000235091 9.99564e-06 9.99784e-06 9.99788e-06 9.99647e-06 9.99898e-06 9.99443e-06 9.99669e-06 9.99499e-06 9.99866e-06 9.99793e-06 9.99802e-06 9.99791e-06 9.99672e-06 9.99597e-06 9.99326e-06 9.99457e-06 9.99928e-06 9.99117e-06 9.99736e-06 9.99499e-06 9.9983e-06 9.99635e-06 9.99978e-06 9.99548e-06 9.99434e-06 9.9995e-06 9.99575e-06 0.000147305
0.01 9.99729e-06 9.9983e-06 9.99499e-06 1.95248e-05 0.000527799 0.000264011 0.000123092 9.99858e-06 9.99135e-06 9.99593e-06 9.99835e-06 9.99642e-06 9.99712e-06 9.99716e-06 9.999e-06 9.99989e-06 0.0117691 9.99757e-06 9.99933e-06 9.99935e-06 9.99981e-06 9.99449e-06 9.99778e-06 9.99677e-06 9.99886e-06 9.99627e-06 0.214705 0.000308466 9.99493e-06 9.99719e-06 9.99487e-06 9.99474e-06 9.99995e-06 9.99864e-06 9.99854e-06 9.99785e-06 9.99578e-06 9.99813e-06 9.99714e-06 9.9961e-06 9.99783e-06 9.99801e-06 9.99924e-06 9.9983e-06 9.99984e-06 9.99496e-06 9.99924e-06 9.99506e-06 9.99494e-06 9.99999e-06 9.99996e-06 0.000147305 0.0147147 0.0398017
0.01 2.0764e-07 0.000569974 4.07451e-05 3.02359e-05 0.000254425 0.00023498 0.000193432 9.99723e-06 9.9979e-06 9.99684e-06 9.99867e-06 9.99905e-06 9.99624e-06 9.99779e-06 9.99814e-06 9.99778e-06 0.0117255 9.9927e-06 9.9991e-06 9.9974e-06 9.9978e-06 9.99881e-06 9.99513e-06 9.99614e-06 9.99643e-06 9.9962e-06 9.99738e-06 0.000147305 0.245978 0.000218406 9.99977e-06 9.99542e-06 9.99576e-06 9.99542e-06 9.99768e-06 9.99979e-06 9.99816e-06 9.99507e-06 9.99967e-06 9.99833e-06 9.99785e-06 9.99966e-06 9.99506e-06 9.99635e-06 9.99833e-06 9.99991e-06 9.99453e-06 9.99514e-06 9.99618e-06 0.910461 2.91046 0.910462 0.0241379 0.000378256
0.01 1.28266e-08 1.00018e-05 1.87046e-05 3.83219e-05 5.98874e-05 9.39033e-05 0.000147305 9.99505e-06 9.99767e-06 9.99991e-06 9.99456e-06 9.99323e-06 9.99848e-06 9.99958e-06 9.99469e-06 9.99936e-06 0.011682 9.99983e-06 9.99693e-06 9.99545e-06 9.9956e-06 9.99809e-06 9.99682e-06 9.9956e-06 9.99578e-06 9.99534e-06 9.99892e-06 9.99781e-06 9.99677e-06 0.000215295 0.000710127 1.11784 0.117839 0.000417809 0.00255305 0.000261325 9.99762e-06 9.99956e-06 9.99454e-06 9.99564e-06 9.99843e-06 9.99528e-06 9.99848e-06 9.99453e-06 9.99919e-06 9.99668e-06 9.9958e-06 9.99839e-06 2.91046 1.91046 0.0017555 0.000475404 0.000183615 0.000214459
0.01 3.51989e-06 0.00234721 0.000238639 9.9957e-06 9.99701e-06 9.99919e-06 9.9943e-06 9.99681e-06 9.99784e-06 9.99463e-06 9.99578e-06 9.99709e-06 9.99323e-06 9.99688e-06 9.9993e-06 9.99778e-06 0.0116384 9.99354e-06 9.9985e-06 9.99713e-06 9.99913e-06 9.9972e-06 9.99985e-06 9.99847e-06 9.99953e-06 9.99722e-06 9.99544e-06 9.99742e-06 9.99462e-06 0.000194799 0.000524473 1.83245e-05 1.00023e-05 9.99571e-06 1.75048e-05 7.20922e-05 1.04366 9.9957e-06 9.99607e-06 9.99921e-06 9.99766e-06 9.99816e-06 9.9952e-06 9.99782e-06 9.99547e-06 9.99544e-06 9.99552e-06 9.99487e-06 3.91046 0.000112532 4.01029 0.00068948 0.000146983 0.000156965
0.01 1.50869e-05 9.99677e-06 9.99963e-06 9.99981e-06 9.99776e-06 9.99439e-06 9.99884e-06 9.99454e-06 9.99924e-06 9.9983e-06 9.99811e-06 9.9981e-06 9.99839e-06 9.99918e-06 9.99914e-06 9.99738e-06 0.0115949 3.02715 9.99678e-06 9.99998e-06 9.99617e-06 9.99854e-06 9.99788e-06 9.99493e-06 9.99499e-06 9.99747e-06 9.9956e-06 9.99604e-06 9.99527e-06 0.000150378 0.000312101 2.81989e-05 9.99325e-06 1.00015e-05 2.65911e-05 0.000108459 0.00511138 4.01728 1.01728 9.99768e-06 9.99738e-06 9.99692e-06 9.99253e-06 9.99912e-06 9.99527e-06 9.99469e-06 9.99935e-06 0.242093 1.00057e-05 9.99726e-06 0.00231058 0.00105416 0.000134173 0.000134109
0.00439168 0.000975305 9.99769e-06 9.99876e-06 9.99862e-06 9.99796e-06 9.99834e-06 9.99838e-06 9.99471e-06 9.99887e-06 9.99301e-06 9.99301e-06 9.9972e-06 9.99928e-06 9.99993e-06 9.99877e-06 9.99573e-06 0.00590575 4.02715 9.99562e-06 9.99788e-06 9.99846e-06 9.99961e-06 9.99167e-06 9.99574e-06 9.99999e-06 9.99901e-06 9.99699e-06 9.9996e-06 9.99765e-06 2.30384e-05 3.03856e-05 9.99867e-06 9.99334e-06 1.00017e-05 4.06302e-05 0.000163491 0.000323377 0.000391865 1.01728 0.0218771 0.0013809 0.000618557 0.000901222 0.00360743 0.000384747 0.000236457 1.00017e-05 1.00021e-05 1.0992e-05 1.47058e-05 0.00174044 0.00164262 0.000131956 0.000134676
0.00412834 0.00132311 0.00121926 0.00017015 9.99872e-06 9.99956e-06 9.99928e-06 9.99117e-06 9.99736e-06 9.99499e-06 9.99887e-06 9.99774e-06 9.99384e-06 9.99456e-06 1.03568e-05 1.00001e-05 0.00212582 0.0269038 0.00461785 0.022261 0.00720389 9.99499e-06 9.99764e-06 9.99733e-06 9.99324e-06 9.99946e-06 9.99924e-06 9.99833e-06 9.99828e-06 9.99598e-06 3.5253e-05 1.05562e-05 9.99835e-06 1.00022e-05 9.99841e-06 6.24099e-05 0.0002464 0.000326922 0.000331812 0.000314482 0.00396907 1.00515 0.00701401 0.000377949 0.000252238 4.05832e-05 9.99842e-06 1.00041e-05 9.99567e-06 1.00015e-05 3.00245e-05 0.000154663 0.00994914 0.000126936 0.000156839
0.00372233 0.00108173 0.00109944 0.00128018 0.000358066 9.997e-06 9.99924e-06 9.9983e-06 9.99117e-06 9.9983e-06 9.99924e-06 9.997e-06 9.99783e-06 9.99743e-06 0.00014649 0.00233507 0.00206504 0.00613846 2.07211e-05 0.00018436 7.02284 9.99766e-06 9.99999e-06 9.99738e-06 9.99764e-06 9.99668e-06 9.99263e-06 9.99969e-06 9.99786e-06 9.99866e-06 3.34115e-05 9.99856e-06 9.9973e-06 1.00003e-05 1.0766e-05 9.63345e-05 0.000236389 0.000265174 0.00018647 0.000130032 0.00366529 0.000440525 0.000398378 0.000367285 0.000258001 6.22987e-05 1.00042e-05 9.99878e-06 9.995e-06 1.14096e-05 4.54964e-05 2.21956e-05 0.00241309 9.03922e-05 0.000186765
