test/known_good_answers/boscastle50m_72hr_u/WaterDepths3360.asc
ncols	120
nrows	60
xllcorner	209000
yllcorner	89000
cellsize	50
NODATA_value	-9999
[rows 24 to 47 of 60, columns 55 to 109 of 120]
0.000190605 0.000149309 9.39056e-05 9.99784e-06 9.99697e-06 9.99569e-06 9.99472e-06 9.99647e-06 9.99999e-06 9.99776e-06 9.99627e-06 9.99874e-06 5.80492e-05 0.00148473 2.36133e-05 2.68928e-05 3.14896e-05 4.29584e-05 5.13587e-05 5.11557e-05 0.00013695 0.000428 0.000194097 1.0001e-05 9.99828e-06 1.10178e-05 1.02708e-05 2.65977e-05 1.78022e-05 0.000198234 0.000276589 0.000345001 0.00296403 0.000894065 0.000472389 0.000229363 0.0001151 5.40345e-05 2.1831e-05 1.00019e-05 9.99597e-06 9.99454e-06 9.99783e-06 9.99909e-06 9.99881e-06 9.99531e-06 9.99535e-06 9.99646e-06 9.99825e-06 9.99759e-06 9.99482e-06 9.99852e-06 0.444063 9.99841e-06 9.9993e-06
0.000225126 0.000193438 0.000147308 9.9995e-06 9.99845e-06 9.9961e-06 9.99915e-06 9.99625e-06 9.99548e-06 9.99465e-06 9.99743e-06 9.99541e-06 9.09898e-05 0.00140535 0.000144674 2.21697e-05 1.57191e-05 3.21499e-05 5.0153e-05 7.85293e-05 0.00012332 0.000193668 0.000147705 9.99906e-06 1.00019e-05 1.092e-05 1.559e-05 2.55618e-05 2.73916e-05 0.000154076 0.000198061 0.000275596 0.00248409 0.00115787 0.000563856 0.000317068 0.000160759 7.70101e-05 3.16145e-05 1.055e-05 9.99891e-06 9.99692e-06 9.99693e-06 9.99864e-06 9.99627e-06 9.99653e-06 9.99809e-06 9.99813e-06 9.99447e-06 9.99962e-06 9.99768e-06 9.99947e-06 0.000308379 9.99612e-06 9.99555e-06
5.99214e-05 9.99921e-06 9.99657e-06 9.99947e-06 9.99428e-06 9.99645e-06 9.99504e-06 9.99629e-06 9.99864e-06 9.99636e-06 9.99758e-06 9.99815e-06 0.000143007 0.00128626 0.00105773 2.76435e-05 1.02331e-05 9.99469e-06 9.99432e-06 9.99464e-06 9.9985e-06 9.9984e-06 9.9981e-06 9.99563e-06 9.99837e-06 9.99927e-06 3.18274e-05 3.28572e-05 2.79883e-05 2.20658e-05 1.66307e-05 0.0001959 0.00178717 0.00155865 0.000672408 0.000437549 0.000224054 0.000109814 4.59387e-05 1.47504e-05 1.00014e-05 9.99461e-06 9.99645e-06 9.99632e-06 9.99929e-06 9.99599e-06 9.99894e-06 9.99461e-06 9.99562e-06 9.9991e-06 9.99651e-06 9.99603e-06 0.000147484 4.50419 9.99546e-06
9.394e-05 9.99603e-06 9.99826e-06 9.9986e-06 9.99511e-06 9.99896e-06 9.99806e-06 9.99373e-06 9.99864e-06 9.99844e-06 9.99782e-06 9.99683e-06 0.000224915 0.000334095 0.00100545 1.00053e-05 9.99802e-06 9.99475e-06 9.99888e-06 9.9948e-06 9.99788e-06 9.99906e-06 9.99627e-06 9.99715e-06 9.99909e-06 9.99894e-06 4.9662e-05 3.26175e-05 2.13073e-05 1.3854e-05 1.00019e-05 0.000149192 0.000372865 0.002178 0.000784763 0.000503265 0.000311286 0.000156502 6.73006e-05 2.03519e-05 1.03632e-05 9.99839e-06 9.99802e-06 9.99887e-06 9.99492e-06 9.99576e-06 9.99961e-06 9.99663e-06 9.99895e-06 9.99506e-06 9.99851e-06 9.99636e-06 0.000232122 0.0049892 1.01667
0.000147339 9.99858e-06 9.99741e-06 9.99702e-06 9.99733e-06 9.99494e-06 9.99822e-06 9.99314e-06 9.9979e-06 9.99643e-06 9.99436e-06 9.99812e-06 0.000214635 0.000300253 0.000783081 9.99625e-06 1.00017e-05 9.99523e-06 9.99895e-06 9.99801e-06 9.99527e-06 9.99901e-06 9.99936e-06 9.99913e-06 9.99625e-06 9.99646e-06 4.8634e-05 5.059e-05 9.99815e-06 9.99863e-06 9.99638e-06 1.20942e-05 0.000430122 0.00167044 0.000941976 0.000564423 0.000430356 0.000222474 9.94958e-05 2.74445e-05 1.59173e-05 9.99727e-06 9.99935e-06 9.99451e-06 9.99833e-06 9.99604e-06 9.99687e-06 9.9988e-06 9.9959e-06 9.99938e-06 9.9973e-06 9.99467e-06 0.000366151 0.000618901 0.00468859
9.99905e-06 9.99739e-06 9.99745e-06 9.99949e-06 9.99901e-06 9.99571e-06 9.999e-06 9.99508e-06 9.99589e-06 9.99565e-06 9.99452e-06 9.99462e-06 0.000193432 0.000236329 0.000550886 9.99848e-06 9.99761e-06 9.99892e-06 9.99872e-06 9.99778e-06 9.99941e-06 9.99747e-06 9.99706e-06 9.99973e-06 9.99774e-06 1.00029e-05 7.53986e-05 9.99932e-06 9.99952e-06 9.99735e-06 9.99737e-06 1.82472e-05 0.000148229 0.00114462 0.00118129 0.000586027 0.000490961 0.000314623 0.00014864 3.59421e-05 2.46286e-05 9.99732e-06 9.99915e-06 9.99774e-06 9.99954e-06 9.99396e-06 9.99865e-06 9.99847e-06 9.9991e-06 9.9967e-06 9.99928e-06 9.36116e-05 0.000578013 0.000738674 0.000797193
9.99515e-06 9.99535e-06 9.99812e-06 9.99782e-06 9.99923e-06 9.99672e-06 9.99575e-06 9.99195e-06 9.99502e-06 9.99493e-06 9.99947e-06 9.99966e-06 0.000147305 9.81048e-05 0.000315014 9.99701e-06 9.99973e-06 9.99686e-06 9.99972e-06 9.992e-06 9.99625e-06 9.99987e-06 9.99706e-06 9.99602e-06 9.99731e-06 1.00013e-05 7.4817e-05 9.99451e-06 9.9923e-06 9.99885e-06 9.99816e-06 1.18086e-05 1.57093e-05 0.00102236 0.000805765 0.000574894 0.000538665 0.000440656 0.000224616 4.45812e-05 3.83219e-05 9.99914e-06 9.99561e-06 9.99837e-06 9.99741e-06 9.9987e-06 9.99771e-06 9.99791e-06 9.99567e-06 9.99466e-06 9.99835e-06 0.000809614 0.00081311 0.00079702 0.000765253
9.9981e-06 9.99784e-06 9.99819e-06 9.9991e-06 9.99606e-06 9.99846e-06 9.99869e-06 9.99842e-06 9.99832e-06 9.99585e-06 9.99456e-06 9.99501e-06 9.99549e-06 2.46286e-05 9.9532e-05 0.415142 9.99604e-06 9.99868e-06 9.99652e-06 9.99518e-06 9.99117e-06 9.99736e-06 9.99367e-06 9.99436e-06 9.99841e-06 9.99923e-06 7.36799e-05 9.99689e-06 9.99654e-06 9.99898e-06 9.99547e-06 1.78403e-05 1.80656e-05 0.000326671 0.000926204 0.000505326 0.000525817 0.000508697 0.000343369 4.91341e-05 5.98874e-05 9.99725e-06 9.99818e-06 9.99876e-06 9.99508e-06 9.99004e-06 9.99968e-06 9.99889e-06 9.99458e-06 9.99492e-06 0.000741019 0.000740127 0.00072599 0.000687996 0.000636961
9.99835e-06 9.99574e-06 9.99584e-06 9.9986e-06 9.99659e-06 9.99854e-06 9.99655e-06 9.99983e-06 9.99569e-06 9.99755e-06 9.99806e-06 9.99675e-06 9.99853e-06 3.83219e-05 0.000149908 0.000486001 9.99825e-06 9.99762e-06 9.99674e-06 9.9986e-06 9.9983e-06 9.99499e-06 9.99736e-06 9.99117e-06 9.99928e-06 9.99664e-06 7.25721e-05 9.99552e-06 9.99835e-06 9.99581e-06 9.9977e-06 1.64202e-05 2.77446e-05 0.00011357 0.00058052 0.000365038 0.000431032 0.00054995 0.000424509 0.00039829 9.39033e-05 9.99472e-06 9.99815e-06 9.99925e-06 9.99155e-06 9.99916e-06 9.9954e-06 2.62577e-05 1.70759e-05 0.000626981 0.000645958 0.000644051 0.000614606 0.000546933 0.000475842
0.168232 9.99802e-06 9.99596e-06 9.99908e-06 9.99714e-06 9.99851e-06 9.99611e-06 9.99831e-06 9.99948e-06 9.99862e-06 9.9987e-06 9.999e-06 9.99918e-06 5.98874e-05 0.000225412 0.000300081 0.390675 9.99935e-06 9.99632e-06 9.99935e-06 9.99633e-06 9.9983e-06 9.99117e-06 9.99387e-06 9.99805e-06 7.2848e-05 7.1496e-05 0.000147305 9.99163e-06 9.99619e-06 9.99768e-06 1.5079e-05 4.29803e-05 7.055e-05 0.000240438 0.000122683 0.000121667 0.000562731 0.000325814 0.000234642 0.000147305 9.99603e-06 9.99833e-06 9.99684e-06 9.99797e-06 9.99761e-06 9.99883e-06 0.000303643 0.000562607 0.000521442 0.000564407 0.000539922 0.000476778 0.000353792 0.000264322
9.9989e-06 0.130977 9.99621e-06 1.00018e-05 9.99773e-06 9.99977e-06 9.99678e-06 9.99476e-06 9.99526e-06 9.99448e-06 9.99661e-06 9.9955e-06 9.99495e-06 9.39033e-05 0.000194068 0.000225412 0.00023546 0.334261 9.99879e-06 9.99512e-06 9.99451e-06 0.00186318 0.00185468 2.01112 1.01112 0.00254522 0.00235952 0.00207217 0.00150623 9.99736e-06 9.99499e-06 1.35897e-05 4.09909e-05 6.30834e-05 0.000177381 0.000121485 0.000171784 0.000258525 0.000273887 0.000147536 9.99492e-06 9.99453e-06 9.99715e-06 9.99954e-06 9.99802e-06 9.99856e-06 9.9987e-06 0.000147305 0.000263391 0.000358184 0.000500799 0.000399542 0.000276775 0.000198075 0.000151458
9.99465e-06 3.13098 2.47039e-05 9.99731e-06 9.99654e-06 9.99858e-06 9.99849e-06 9.99954e-06 9.99933e-06 9.99863e-06 9.99446e-06 9.99952e-06 9.99733e-06 0.000147305 9.39033e-05 5.98874e-05 3.83219e-05 2.46286e-05 2.31192 0.00337499 0.00332264 0.00327007 0.00218405 0.000466168 0.000420411 0.000429101 0.000620488 0.000963842 0.00143712 0.00218251 1.00038e-05 1.22031e-05 3.91884e-05 5.82867e-05 0.000100159 5.34561e-05 4.37861e-05 3.0638e-05 0.000237209 9.99896e-06 9.99836e-06 9.99987e-06 9.99867e-06 9.99937e-06 9.99689e-06 9.99556e-06 9.99657e-06 9.99972e-06 0.000214635 0.000316799 0.000522715 0.000107546 0.000108793 9.41682e-05 9.29209e-05
9.99686e-06 0.00175215 2.05085e-05 1.03975e-05 9.99475e-06 9.99513e-06 9.99473e-06 9.99903e-06 9.99888e-06 9.99745e-06 9.99959e-06 9.99601e-06 9.99883e-06 9.9974e-06 9.99702e-06 9.99676e-06 9.99429e-06 9.99868e-06 9.99739e-06 9.99854e-06 9.99889e-06 9.99674e-06 0.000398521 0.000394354 0.000280392 0.000168601 8.5692e-05 0.000134154 0.000210643 0.00212239 0.00214968 1.83867e-05 3.75184e-05 5.58474e-05 7.00265e-05 6.08083e-05 5.38938e-05 4.01914e-05 2.35714e-05 1.0001e-05 9.99754e-06 9.99496e-06 9.99702e-06 9.99781e-06 9.99589e-06 9.99489e-06 9.99481e-06 9.99616e-06 0.000193432 0.000272579 0.000206491 0.000150935 0.000107983 7.61838e-05 8.9683e-05
9.99865e-06 0.0016855 2.7685e-05 1.59705e-05 9.99529e-06 9.9977e-06 9.99928e-06 9.99809e-06 9.99769e-06 9.99455e-06 9.99456e-06 9.99705e-06 9.99947e-06 9.99607e-06 9.99572e-06 9.99449e-06 9.99748e-06 9.99458e-06 9.99676e-06 0.21288 9.9999e-06 9.99623e-06 9.99683e-06 0.000376659 0.00023389 1.00012e-05 9.99546e-06 9.99452e-06 9.99557e-06 9.99965e-06 0.00208797 0.00128787 0.000152806 3.74248e-05 7.6836e-05 6.57128e-05 6.46155e-05 5.27132e-05 3.4765e-05 1.03632e-05 9.99776e-06 9.99599e-06 9.99992e-06 9.99527e-06 9.9948e-06 9.99657e-06 9.99552e-06 9.99611e-06 0.000147305 0.000193443 0.000123259 7.87421e-05 5.05124e-05 3.25449e-05 0.000100406
9.99908e-06 0.00161697 3.6316e-05 2.47114e-05 9.99492e-06 9.99761e-06 9.99804e-06 9.99913e-06 9.9995e-06 9.99976e-06 9.99446e-06 9.99983e-06 9.99848e-06 9.99529e-06 9.99595e-06 9.99868e-06 9.99947e-06 9.99157e-06 9.99231e-06 0.000235105 9.99631e-06 9.99664e-06 9.9991e-06 1.87444e-05 0.000232607 9.99544e-06 9.9948e-06 9.99801e-06 9.99471e-06 9.9979e-06 0.00126584 0.00117609 0.00146222 0.00101366 8.52578e-05 6.50133e-05 7.39372e-05 6.66742e-05 5.11847e-05 1.59173e-05 9.99493e-06 9.99867e-06 9.99932e-06 9.99693e-06 9.99789e-06 9.99803e-06 9.99984e-06 9.99506e-06 9.99514e-06 9.99932e-06 9.99606e-06 9.99821e-06 9.99557e-06 1.0002e-05 0.0001477
9.99661e-06 0.00154607 4.51758e-05 3.84515e-05 9.99505e-06 9.99638e-06 9.9992e-06 9.99462e-06 9.9998e-06 9.99833e-06 9.99648e-06 9.99783e-06 9.99727e-06 9.99736e-06 9.99868e-06 9.99475e-06 9.99244e-06 9.99791e-06 9.99953e-06 9.99904e-06 9.99851e-06 9.99557e-06 9.99645e-06 9.99945e-06 1.00017e-05 9.99534e-06 9.99771e-06 9.99865e-06 9.99869e-06 9.99905e-06 8.59463e-05 0.000758155 0.000681115 0.000909417 0.000871711 0.00054275 7.91243e-05 7.90346e-05 7.53361e-05 2.46286e-05 9.99609e-06 9.99471e-06 9.99653e-06 9.99819e-06 9.99934e-06 9.99914e-06 9.99798e-06 9.99899e-06 9.99889e-06 9.99931e-06 1.00019e-05 9.9957e-06 9.99902e-06 9.99933e-06 0.00162198
9.99649e-06 0.0014724 5.01284e-05 6.00908e-05 9.99821e-06 9.99829e-06 9.99951e-06 9.99762e-06 9.99695e-06 9.99545e-06 9.99828e-06 9.99856e-06 9.99961e-06 9.9979e-06 9.99953e-06 9.99693e-06 9.99857e-06 9.99987e-06 0.362978 9.99447e-06 9.9963e-06 9.99668e-06 9.99592e-06 9.99863e-06 9.99879e-06 9.9982e-06 9.99523e-06 9.99829e-06 9.99562e-06 9.99981e-06 9.99982e-06 2.24611e-05 0.000268167 0.000862117 0.000473879 0.00042085 7.73068e-05 8.09074e-05 0.000110646 3.83219e-05 9.99835e-06 9.99543e-06 9.99437e-06 9.99753e-06 9.99826e-06 9.99795e-06 9.99762e-06 9.99967e-06 9.99897e-06 9.99601e-06 1.00021e-05 9.99634e-06 0.000808129 0.34592 0.000112136
9.9973e-06 0.00139633 0.000414955 9.42235e-05 9.99553e-06 9.99535e-06 9.99485e-06 9.99472e-06 9.99944e-06 9.99849e-06 9.99445e-06 9.99873e-06 9.99668e-06 9.99971e-06 9.99848e-06 9.99854e-06 9.99603e-06 9.9964e-06 0.000374723 9.99525e-06 9.99954e-06 9.99883e-06 9.99588e-06 9.99815e-06 9.99993e-06 9.99783e-06 9.99864e-06 9.99955e-06 9.9957e-06 9.99559e-06 9.99477e-06 9.9954e-06 9.99714e-06 0.000526328 0.000410594 0.000550924 0.000675057 0.000456468 0.000161853 5.98874e-05 9.99466e-06 9.99989e-06 9.99638e-06 9.99553e-06 9.99567e-06 9.99976e-06 9.99552e-06 9.9991e-06 9.99782e-06 9.99614e-06 1.09455e-05 0.000129117 1.00423 0.00088356 9.99286e-06
9.99722e-06 0.00116517 0.000256461 0.000147809 9.99906e-06 9.99758e-06 9.9975e-06 9.99608e-06 9.99696e-06 9.99924e-06 9.9983e-06 9.99647e-06 9.99647e-06 9.99868e-06 9.99841e-06 9.99639e-06 9.99546e-06 9.99619e-06 0.000235091 9.99986e-06 9.99794e-06 9.99386e-06 9.99784e-06 9.99831e-06 9.99506e-06 1.0003e-05 9.99545e-06 9.99554e-06 9.99963e-06 9.99887e-06 9.99633e-06 9.99767e-06 9.99736e-06 1.5678e-05 1.46086e-05 0.000277932 0.000278737 0.000264011 0.00023498 9.39033e-05 9.99775e-06 9.99473e-06 9.99921e-06 9.99728e-06 9.99726e-06 9.99425e-06 9.99948e-06 9.99743e-06 9.99516e-06 1.00017e-05 1.6069e-05 0.0010212 0.0011551 9.99505e-06 9.99934e-06
9.99628e-06 0.00100331 0.00019875 1.00021e-05 9.99729e-06 9.99591e-06 9.99968e-06 9.99638e-06 9.99955e-06 9.99751e-06 9.99647e-06 0 0 9.99647e-06 9.99431e-06 9.99835e-06 9.99869e-06 9.99568e-06 9.99855e-06 0.106728 9.99927e-06 9.99549e-06 9.99929e-06 9.99839e-06 9.99857e-06 9.99778e-06 9.99777e-06 9.99575e-06 9.99788e-06 9.99864e-06 9.99531e-06 9.99879e-06 9.99987e-06 9.99921e-06 9.99873e-06 9.99195e-06 0.000125223 0.000123092 0.000193432 0.000147305 9.99763e-06 9.99943e-06 9.99954e-06 9.99542e-06 9.9988e-06 9.99708e-06 9.99797e-06 9.99729e-06 9.99665e-06 9.99712e-06 0.000289879 0.000967964 0.00019627 9.99784e-06 9.995e-06
0.000358189 0.000858158 0.00015828 1.09977e-05 9.99808e-06 9.99651e-06 9.99489e-06 9.99473e-06 9.99924e-06 9.99431e-06 0 0 0 0 0 9.99679e-06 9.99963e-06 9.9952e-06 9.99476e-06 0.106748 9.99594e-06 9.99535e-06 9.99852e-06 9.99897e-06 9.99855e-06 9.99633e-06 0.000100263 9.99674e-06 9.99938e-06 9.99905e-06 9.9961e-06 9.99725e-06 9.99629e-06 9.99264e-06 9.99794e-06 9.9958e-06 9.9945e-06 9.99967e-06 9.99975e-06 9.99789e-06 9.99455e-06 9.99503e-06 9.99733e-06 9.99763e-06 9.9967e-06 9.99804e-06 9.99855e-06 9.99519e-06 9.99912e-06 0.000148254 0.000290312 0.000702198 0.000153694 9.99304e-06 9.9958e-06
0.000354235 0.00054073 5.13022e-05 1.68966e-05 9.99577e-06 9.99997e-06 9.9999e-06 9.99603e-06 9.9983e-06 9.99647e-06 0 0 0 0 0 9.99301e-06 9.99885e-06 9.99894e-06 9.99683e-06 9.99631e-06 0.32397 9.99814e-06 9.99584e-06 9.99886e-06 1.00014e-05 9.99496e-06 1.00003e-05 9.99793e-06 9.99668e-06 9.99521e-06 9.99972e-06 9.99767e-06 9.99653e-06 9.99624e-06 9.99815e-06 9.99981e-06 9.9984e-06 9.99803e-06 9.99634e-06 9.99972e-06 9.99467e-06 9.99736e-06 9.99985e-06 9.99871e-06 9.99744e-06 9.99736e-06 9.99902e-06 9.99948e-06 9.99981e-06 0.000147305 0.000271314 0.000400059 3.78081e-05 9.99352e-06 1.00015e-05
0.000454663 0.000150191 7.50439e-05 2.61485e-05 9.99469e-06 9.99818e-06 9.997e-06 9.99464e-06 9.99679e-06 0 0 0 0 0 9.99647e-06 9.99774e-06 9.99778e-06 9.99691e-06 9.99948e-06 9.9948e-06 0.000235174 9.99566e-06 9.99557e-06 9.99557e-06 9.9982e-06 9.99869e-06 9.99538e-06 9.99886e-06 9.99542e-06 9.99985e-06 9.9956e-06 9.99648e-06 9.99591e-06 9.99452e-06 9.99965e-06 9.99896e-06 9.9975e-06 9.99914e-06 9.99855e-06 9.99819e-06 9.999e-06 9.99412e-06 9.99969e-06 0 9.99647e-06 9.99431e-06 9.99835e-06 9.99928e-06 9.99831e-06 9.99927e-06 0.000231881 2.04176e-05 9.99846e-06 9.99876e-06 9.99548e-06
0.000259807 0.000207432 0.000109408 4.06931e-05 9.99574e-06 9.99464e-06 9.99948e-06 9.99987e-06 9.99301e-06 0 0 0 9.99647e-06 9.99431e-06 9.99833e-06 9.99927e-06 9.99841e-06 9.99826e-06 9.99809e-06 9.99704e-06 9.99984e-06 0.59961 9.99536e-06 9.99531e-06 9.99531e-06 9.99885e-06 9.99588e-06 9.99919e-06 9.99956e-06 9.9974e-06 9.99896e-06 9.9993e-06 9.99896e-06 9.99937e-06 9.99999e-06 9.99681e-06 0 1.61124e-07 1.52062e-07 0 0 0 0 0 0 0 9.99647e-06 9.99868e-06 9.99924e-06 9.99912e-06 9.9964e-06 1.00009e-05 9.99574e-06 9.9984e-06 9.99551e-06
