test/known_good_answers/boscastle50m_72hr_u/WaterDepths3360.asc
ncols	120
nrows	60
xllcorner	209000
yllcorner	89000
cellsize	50
NODATA_value	-9999
[rows 0 to 23 of 60, columns 55 to 109 of 120]
0.000499848 0.000493961 0.000488118 0.00048232 0.000476565 0.000470854 0.000465188 0.000459565 0.000453052 0.000445159 0.000439686 0.000434257 0.000428871 0.00042353 0.000418232 0.000412978 0.000407767 0.000402601 0.000397478 0.000392399 0.000387364 0.000382372 0.000377424 0.000372519 0.000367658 0.00036284 0.000358065 0.00226467 0.00296055 0.00332455 0.00352839 0.003637 0.00368537 0.000110091 0.000107131 0.000104228 0.000101383 9.85948e-05 9.5863e-05 9.31872e-05 0.000805839 0.000997852 0.00104177 9.99761e-06 0.000276959 2.37122e-05 2.54656e-05 2.731e-05 0.000502576 5.10188e-05 0.00115151 0.000938657 0.000114406 0.00112084 0.00014405
9.99284e-06 9.99946e-06 9.99521e-06 9.88131e-324 9.88131e-324 9.88131e-324 9.88131e-324 1.35176e-08 3.39247e-08 9.88131e-324 9.88131e-324 9.88131e-324 9.88131e-324 9.88131e-324 9.88131e-324 9.88131e-324 9.88131e-324 9.88131e-324 9.88131e-324 9.88131e-324 9.88131e-324 9.88131e-324 9.88131e-324 9.88131e-324 9.88131e-324 9.88131e-324 9.88131e-324 9.88131e-324 9.88131e-324 9.88131e-324 9.88131e-324 9.88131e-324 9.88131e-324 9.88131e-324 9.88131e-324 9.88131e-324 9.88131e-324 9.88131e-324 9.88131e-324 9.88131e-324 9.88131e-324 9.88131e-324 9.88131e-324 9.99729e-06 9.88131e-324 9.88131e-324 9.88131e-324 9.88131e-324 9.88131e-324 9.88131e-324 9.88131e-324 9.88131e-324 9.88131e-324 9.88131e-324 9.88131e-324
2.27962e-05 3.54317e-05 5.53236e-05 8.66898e-05 0.000136215 0.000214175 0.000192467 0.000145422 0.000230379 0.000365775 0.000231799 9.99755e-06 9.99936e-06 9.99918e-06 9.99785e-06 9.99641e-06 9.99664e-06 9.99534e-06 9.99518e-06 9.99594e-06 9.99959e-06 9.99569e-06 9.9944e-06 9.99845e-06 9.99834e-06 9.9979e-06 9.9932e-06 9.99986e-06 9.99787e-06 9.99889e-06 9.99742e-06 9.99896e-06 9.99705e-06 9.99807e-06 9.99927e-06 9.99759e-06 9.99659e-06 9.99817e-06 9.99873e-06 9.99929e-06 9.99953e-06 9.99753e-06 9.99963e-06 9.9998e-06 9.99854e-06 9.99991e-06 9.99496e-06 9.99715e-06 9.99967e-06 9.99814e-06 9.99818e-06 9.99838e-06 9.99809e-06 9.9974e-06 9.99604e-06
0.000280721 0.000318362 0.000383907 0.000494218 0.000353917 0.000402978 0.000445014 0.0005368 0.000378883 3.76251e-05 1.15456e-05 9.99871e-06 9.99902e-06 9.9946e-06 9.9978e-06 9.99705e-06 9.99459e-06 9.99813e-06 9.99973e-06 9.99967e-06 9.9994e-06 9.99914e-06 9.99983e-06 9.99898e-06 9.99638e-06 9.99433e-06 9.99961e-06 9.99668e-06 9.99663e-06 9.99437e-06 9.99762e-06 0.000235091 9.99554e-06 9.99949e-06 9.99507e-06 9.99819e-06 9.99624e-06 9.99595e-06 9.99628e-06 9.99735e-06 9.99635e-06 9.99948e-06 9.99834e-06 9.99709e-06 9.99517e-06 9.9969e-06 9.99878e-06 9.99606e-06 9.99851e-06 9.99839e-06 9.99978e-06 9.99485e-06 9.99679e-06 9.99332e-06 9.99865e-06
0.00193816 0.00150526 0.000749056 0.000386478 0.000506152 0.000536583 0.000554976 5.48366e-05 1.00015e-05 9.99744e-06 1.00006e-05 9.99527e-06 9.99689e-06 9.99706e-06 9.99841e-06 9.99705e-06 9.9985e-06 9.99581e-06 9.99712e-06 9.99595e-06 9.99862e-06 9.99765e-06 9.99615e-06 9.99856e-06 9.99815e-06 9.99749e-06 9.99602e-06 9.99535e-06 9.99598e-06 9.99725e-06 0.000147305 0.000531138 0.000214635 0.000193432 0.000147305 9.99884e-06 9.99768e-06 9.99902e-06 9.99963e-06 9.99724e-06 9.99853e-06 9.99592e-06 9.99782e-06 9.99686e-06 9.99941e-06 9.99727e-06 9.9997e-06 9.99807e-06 0.000231927 2.86445e-05 0.000231927 9.9989e-06 9.99902e-06 9.99674e-06 9.99618e-06
0.000689529 0.00092707 0.00131836 0.00116572 0.000963293 0.000631455 3.68938e-05 1.00023e-05 1.0002e-05 1.25086e-05 1.75721e-05 2.46286e-05 3.83219e-05 5.98874e-05 9.39033e-05 0.000147305 9.99592e-06 9.99658e-06 9.99669e-06 9.9979e-06 9.99473e-06 9.99876e-06 9.99789e-06 9.99944e-06 9.99638e-06 9.99999e-06 9.99515e-06 9.99991e-06 9.99785e-06 9.9949e-06 0.000193432 0.000835197 0.000308303 0.000254164 0.000148254 9.99782e-06 9.99846e-06 9.99774e-06 9.9945e-06 9.99645e-06 9.99573e-06 9.99911e-06 9.99832e-06 9.99733e-06 9.99928e-06 9.99961e-06 9.99593e-06 9.99733e-06 0.000233497 0.000438372 0.000147435 9.99763e-06 9.99855e-06 9.99306e-06 9.99682e-06
0.000262237 0.000283861 0.000321311 0.000384205 0.000183529 0.000117937 8.22911e-05 6.31484e-05 9.81019e-05 0.000152639 2.82416e-05 3.61778e-05 4.49945e-05 4.99042e-05 0.00041286 0.00025392 0.000193432 0.000147305 9.9951e-06 9.99737e-06 9.99542e-06 9.9973e-06 9.99486e-06 9.99549e-06 9.99955e-06 9.99473e-06 9.99175e-06 9.99869e-06 9.99526e-06 9.99849e-06 0.000824718 0.000666595 0.000350166 0.000254374 9.99699e-06 9.99771e-06 9.99801e-06 9.99659e-06 9.99474e-06 9.99847e-06 9.99623e-06 0.000235091 9.99751e-06 9.99672e-06 9.99994e-06 9.99653e-06 9.99989e-06 9.99516e-06 0.000234287 0.000717323 0.000193351 9.99873e-06 9.99609e-06 9.99664e-06 9.99935e-06
2.08102e-05 3.20424e-05 4.96622e-05 7.73647e-05 5.99372e-05 5.45925e-05 5.15827e-05 4.97889e-05 0.000375043 0.000199995 3.14102e-05 3.32693e-05 2.89383e-05 3.2017e-05 0.000697193 0.000333555 0.000272574 0.000193432 9.99483e-06 9.99461e-06 9.99906e-06 9.99887e-06 9.99948e-06 9.99842e-06 9.99952e-06 9.99881e-06 9.99384e-06 9.9997e-06 9.99602e-06 9.99502e-06 0.00116343 0.000527536 0.000223335 1.37108e-05 9.99886e-06 9.99735e-06 9.99741e-06 9.99819e-06 9.9987e-06 9.99675e-06 0.000374722 0.000235091 9.9957e-06 9.99773e-06 9.99763e-06 9.99908e-06 9.99592e-06 9.99888e-06 0.000723798 0.000527962 0.000123043 9.99432e-06 9.99726e-06 9.99482e-06 9.99516e-06
9.99953e-06 9.9996e-06 9.99712e-06 9.99492e-06 9.99301e-06 9.99643e-06 1.00003e-05 3.20705e-05 0.000593203 0.000221012 2.72355e-05 2.14428e-05 1.87143e-05 2.63632e-05 0.00092059 0.000314763 0.000291304 0.000149304 9.39033e-05 0.000147305 9.99977e-06 9.99919e-06 9.99956e-06 9.9957e-06 9.99395e-06 9.99908e-06 9.99894e-06 9.99695e-06 9.99763e-06 9.99469e-06 0.00136772 0.000364769 0.000142593 1.00043e-05 9.99618e-06 9.99544e-06 9.99702e-06 9.99832e-06 9.99757e-06 9.99829e-06 0.000546579 0.000149444 9.9993e-06 9.99994e-06 9.99913e-06 9.99452e-06 9.9943e-06 9.99896e-06 0.000998399 0.000407919 7.83499e-05 9.99807e-06 9.99698e-06 9.99949e-06 9.99896e-06
9.99824e-06 9.99867e-06 9.99476e-06 9.99809e-06 9.99492e-06 9.9991e-06 9.99506e-06 2.07686e-05 0.000435923 0.000640764 2.16395e-05 1.3915e-05 1.21868e-05 0.000803836 0.000708029 0.000330676 0.00034256 0.000254849 0.000194068 9.39033e-05 9.99867e-06 9.99575e-06 9.99802e-06 9.99823e-06 9.99496e-06 9.998e-06 9.99695e-06 9.99946e-06 9.99758e-06 9.99557e-06 0.00150715 0.000250088 9.12636e-05 9.99932e-06 9.99851e-06 9.99776e-06 9.99628e-06 9.99773e-06 9.9998e-06 0.000147305 0.000718164 9.50653e-05 9.99331e-06 1.85726e-05 0.000231851 9.99675e-06 9.99748e-06 9.99448e-06 0.00119968 0.000334311 5.00363e-05 9.99514e-06 9.9953e-06 9.99916e-06 9.99951e-06
9.99904e-06 9.9988e-06 9.99578e-06 9.99962e-06 9.9945e-06 9.99982e-06 9.99982e-06 1.34887e-05 0.000277382 0.00088859 0.000150556 1.00011e-05 0.000148959 0.0012494 0.000625388 0.000423598 0.000392244 0.000313176 0.000225412 5.98874e-05 9.99631e-06 9.99763e-06 9.99617e-06 9.99947e-06 9.99771e-06 9.9944e-06 9.99469e-06 9.99823e-06 9.99963e-06 0.000147305 0.00167147 0.000252109 5.8583e-05 9.99902e-06 9.99611e-06 9.99814e-06 9.9982e-06 9.99647e-06 9.99905e-06 0.000667014 0.000515383 6.0633e-05 9.99888e-06 0.000376209 0.000233459 9.99713e-06 9.99845e-06 0.000923431 0.000837881 0.000216343 3.20745e-05 9.99449e-06 9.99895e-06 9.99553e-06 9.99581e-06
9.99739e-06 9.99895e-06 9.99701e-06 9.99561e-06 9.99552e-06 9.99799e-06 9.99828e-06 9.99975e-06 0.000176629 0.000642264 0.000802195 8.72998e-05 0.00108078 0.000996163 0.000605331 0.000477413 0.000415369 0.000311637 0.000149908 3.83219e-05 9.99762e-06 9.99861e-06 9.99508e-06 9.99456e-06 9.99603e-06 9.99856e-06 9.99721e-06 9.99672e-06 9.99908e-06 0.000193432 0.00172335 0.00050821 3.77375e-05 9.99906e-06 9.99886e-06 9.99813e-06 9.99827e-06 0.000445285 0.000440958 0.000604347 0.000425323 0.00016841 0.000245681 0.000387325 0.000264223 0.000125712 0.000197368 0.00122815 0.000554051 0.000140084 2.06604e-05 9.99691e-06 9.99866e-06 9.99288e-06 9.99637e-06
9.99818e-06 9.99808e-06 9.99922e-06 9.99638e-06 9.99521e-06 9.99636e-06 9.99482e-06 9.99915e-06 0.000112689 0.000426346 0.00108253 0.00110375 0.00101284 0.000857393 0.000607748 0.000505209 0.000419521 0.000294646 9.9532e-05 2.46286e-05 9.99852e-06 9.99659e-06 9.99586e-06 9.99713e-06 9.9952e-06 0.000147305 0.000193432 0.000214635 0.000224915 0.00028627 0.00117211 0.00148912 0.000152783 9.99815e-06 1.00017e-05 9.99561e-06 0.000566742 0.000561882 0.000568287 0.000584447 0.000454554 0.000363748 0.000401619 0.000419607 0.000326634 0.000246548 0.00145492 0.00138407 0.000366153 9.08988e-05 1.33924e-05 9.99731e-06 9.9972e-06 9.99986e-06 9.99791e-06
9.99738e-06 9.99709e-06 9.99893e-06 9.9969e-06 9.99884e-06 9.99796e-06 9.99603e-06 0.000197061 0.000193719 0.000257546 0.0018348 0.00106495 0.000943679 0.000783546 0.000608045 0.000503205 0.000384315 0.00020008 6.61322e-05 1.59173e-05 9.99849e-06 9.99803e-06 9.99544e-06 9.99609e-06 9.99953e-06 9.39033e-05 0.00023498 0.000299652 0.000333809 0.000376176 0.000868757 0.00199379 0.000149153 0.000151113 1.82457e-05 0.000125535 0.00102145 0.000653437 0.000644383 0.000620057 0.000553726 0.000543381 0.000599977 0.000677318 0.000806903 0.00109358 0.0070575 0.000215343 0.000242023 5.90903e-05 1.00023e-05 9.99651e-06 9.99945e-06 9.99815e-06 9.99842e-06
9.99547e-06 9.99817e-06 9.99883e-06 9.99733e-06 9.99942e-06 9.99932e-06 3.02841 2.02841 0.0358047 0.00102396 0.00149087 0.00101979 0.000889844 0.000744211 0.000605943 0.000498265 0.000375324 0.000224272 4.40199e-05 1.03633e-05 9.99769e-06 9.99591e-06 9.99867e-06 9.99877e-06 9.99823e-06 5.98874e-05 0.000161853 0.00023752 0.000355327 0.000427184 0.000714301 0.00224361 0.000626077 0.000254448 0.00143813 0.00141362 0.00216803 0.0114015 0.00271109 0.00243301 0.00215653 0.00826663 0.00161374 1.00617 0.000821602 0.000746562 9.20921e-05 0.000190164 0.000160079 3.8511e-05 9.99926e-06 9.99926e-06 9.99847e-06 9.99557e-06 9.99856e-06
0.000193432 0.000123092 2.03883 3.03883 3.03883 0.0498372 0.0138649 0.0283862 0.00843788 1.03541 0.0121157 0.000978511 0.000851073 0.000720165 0.000597398 0.000481739 0.000342709 0.000147049 2.93228e-05 9.99949e-06 9.99956e-06 9.99581e-06 9.99478e-06 9.99536e-06 9.99952e-06 3.83219e-05 0.000110646 0.000181138 0.000277053 0.000418045 0.00116189 0.00274309 0.00119144 0.00157801 0.0023964 0.00313867 0.0097824 0.000108054 5.87644e-05 2.95961e-05 1.03653e-05 9.99978e-06 9.99231e-06 9.99577e-06 1.42619 0.0008685 0.000125224 0.000152303 0.000105896 2.47224e-05 9.99779e-06 9.99341e-06 9.99927e-06 0.609794 0.000590607
1.05125 0.0143905 0.014294 0.000227503 9.99465e-06 9.99937e-06 9.99949e-06 9.99657e-06 9.99738e-06 0.00301946 0.0115314 0.034027 0.0117451 0.000701405 0.000583151 0.000459614 0.000310047 9.6554e-05 1.95697e-05 1.00017e-05 9.99918e-06 9.9961e-06 9.99499e-06 9.99651e-06 9.99951e-06 7.52191e-05 5.36602e-05 0.000127145 0.000210431 0.00820949 0.0250527 0.00665304 0.00448209 0.00374401 0.00273806 0.000363467 0.000228193 0.000145998 8.05058e-05 4.27658e-05 1.59204e-05 9.99541e-06 9.9987e-06 9.99822e-06 9.99795e-06 9.99882e-06 0.000293351 1.50894 0.00104732 0.000858717 0.000762823 0.000654776 0.000523038 0.000347281 0.000342384
0.000397615 0.000398511 0.00033624 0.000219883 9.99697e-06 9.99764e-06 9.99497e-06 9.99786e-06 9.99781e-06 9.99795e-06 0.0015996 0.000569895 0.0114321 0.0325181 0.010784 0.00698954 0.000284263 6.36177e-05 1.31079e-05 9.99868e-06 9.99951e-06 9.99903e-06 9.99229e-06 9.99677e-06 9.99691e-06 4.8075e-05 5.16157e-05 9.43161e-05 5.02803 1.02803 0.00262842 0.00205908 0.000854289 0.000698655 0.000599545 0.000473323 0.000294904 0.000196926 0.000109213 6.15723e-05 2.46333e-05 9.99692e-06 9.99435e-06 9.99735e-06 9.9995e-06 9.99949e-06 9.99748e-06 9.99831e-06 0.000243078 3.22272e-05 6.62641e-05 0.000104159 0.000147901 0.000206785 0.000282089
0.00026251 0.000333446 0.000309027 0.000204332 9.9954e-06 9.99903e-06 9.99862e-06 9.99529e-06 9.99503e-06 9.99987e-06 0.00129034 0.00118213 9.99531e-06 0.00139401 0.00642234 0.00682691 0.0301209 0.0107243 1.00003e-05 9.9953e-06 9.9951e-06 9.99686e-06 9.99205e-06 9.99534e-06 9.999e-06 3.08486e-05 0.00954583 0.0283767 0.00940884 0.000137283 0.00309026 0.00296273 0.000915119 0.000699755 0.000617597 0.00052008 0.000375663 0.000265628 0.000146209 8.80439e-05 3.83293e-05 9.99721e-06 9.9956e-06 9.99958e-06 9.99565e-06 9.9996e-06 9.99771e-06 9.99534e-06 9.99442e-06 0.454129 4.62753e-05 4.45673e-05 6.97013e-05 0.000109335 0.00017161
0.000175982 0.000213279 0.00026499 0.000171492 9.9955e-06 9.99845e-06 9.99802e-06 9.9961e-06 9.99834e-06 9.99985e-06 0.000147305 0.00788632 9.99207e-06 9.9948e-06 3.79357e-05 1.31002e-05 2.18333e-05 0.0310804 0.0106064 0.010562 0.0102459 0.0100928 0.0294837 0.00983582 0.00974469 0.00966726 0.00960399 0.000164849 7.42723e-05 0.000116207 0.000270943 1.01515 0.00102985 0.000685037 0.000611361 0.000545987 0.000467755 0.000359146 0.000192358 0.000124535 5.9899e-05 9.9986e-06 9.99778e-06 9.99989e-06 9.99721e-06 9.99751e-06 9.99582e-06 9.99433e-06 9.9986e-06 0.000374732 9.99862e-06 9.99303e-06 9.999e-06 9.99615e-06 9.99873e-06
0.000131279 0.000150593 0.000196942 9.39033e-05 9.99577e-06 9.99742e-06 9.99451e-06 9.99532e-06 9.99481e-06 9.9949e-06 9.99936e-06 0.00175928 0.00169437 9.99423e-06 3.65684e-05 1.98677e-05 2.81025e-05 1.69527e-05 2.29792e-05 0.00120172 0.000649258 0.000537581 0.000434274 0.000367609 0.000292287 0.000195234 1.00004e-05 1.00019e-05 9.9991e-06 3.36085e-05 0.000253987 0.00392622 0.00125255 0.000661248 0.000574147 0.000515385 0.000456402 0.000376527 0.000247411 0.000173267 9.39216e-05 9.99991e-06 9.99718e-06 9.99505e-06 9.99774e-06 9.99936e-06 9.99734e-06 9.99511e-06 9.99622e-06 0.000235099 9.99856e-06 9.9955e-06 9.99879e-06 9.99613e-06 9.99879e-06
0.000108013 9.20361e-05 0.000101975 0.000147305 9.99906e-06 9.99677e-06 9.99976e-06 9.99549e-06 9.99574e-06 9.99473e-06 9.99882e-06 9.99618e-06 0.00168624 1.59533e-05 2.4511e-05 3.06671e-05 2.7073e-05 2.61074e-05 2.73468e-05 0.000763801 0.000658407 0.000529447 0.000379229 0.00030976 0.000236645 0.000149906 1.18708e-05 1.00002e-05 9.99903e-06 5.23003e-05 0.000264047 0.00333894 0.00166191 0.000648586 0.000527269 0.000462929 0.000417201 0.000368661 0.000308734 0.000234691 0.000147335 9.99822e-06 9.99901e-06 9.99667e-06 9.99602e-06 9.9989e-06 9.99662e-06 9.99584e-06 9.99794e-06 9.9996e-06 0.265983 9.99604e-06 9.99889e-06 9.99542e-06 9.9979e-06
0.000120998 7.9573e-05 3.83229e-05 9.99721e-06 9.99476e-06 9.99832e-06 9.99925e-06 9.99894e-06 9.99695e-06 9.99469e-06 9.99611e-06 9.99927e-06 1.00744 0.00158733 1.61126e-05 3.29096e-05 4.21114e-05 4.0567e-05 2.74723e-05 4.58154e-05 0.000683654 0.000560962 0.000317872 0.000236289 0.000149921 1.41302e-05 1.40149e-05 1.2607e-05 9.9966e-06 8.15767e-05 0.000276198 0.00238347 0.00236429 0.000666295 0.000481342 0.000390742 0.000341212 0.000295694 0.000235924 0.000147629 9.99559e-06 9.99621e-06 9.9961e-06 9.99693e-06 9.99701e-06 9.99668e-06 9.99633e-06 9.99996e-06 9.99777e-06 9.99951e-06 9.99887e-06 0.446682 9.99535e-06 9.99266e-06 9.99529e-06
0.000154339 0.000110374 5.98888e-05 9.99639e-06 9.99923e-06 9.99495e-06 9.9968e-06 9.9919e-06 9.99508e-06 9.99555e-06 9.99794e-06 9.9999e-06 3.71621e-05 0.00709783 1.89261e-05 2.06465e-05 4.22877e-05 5.06312e-05 5.64065e-05 5.97874e-05 6.63801e-05 0.000666401 0.000254877 0.000149013 1.19424e-05 1.32495e-05 1.44383e-05 1.72362e-05 1.16585e-05 0.000127334 0.000285638 0.00227141 0.00204978 0.000739321 0.000455318 0.000311205 0.000246955 0.000204241 0.000150408 1.00018e-05 9.99835e-06 9.99601e-06 9.99815e-06 9.99525e-06 9.99771e-06 9.9965e-06 9.99564e-06 9.99732e-06 9.99856e-06 9.99702e-06 9.99436e-06 0.0002351 9.99792e-06 9.99799e-06 9.99868e-06
