test/input_data/caersws/backup5220/caerswsmeanders3.asc
ncols         139
nrows         142
xllcorner     303085
yllcorner     285097
cellsize      10
NODATA_value  -9999
[rows 112 to 139 of 142, columns 63 to 125 of 139]
121.0378 121.1009 121.2175 121.1821 121.0781 121.0781 121.0157 121.0000 121.0000 121.0000 121.0000 120.9206 120.9206 120.8857 120.8142 120.8142 120.7767 120.7081 120.5670 120.4869 120.3501 120.0811 120.0811 120.0000 120.3296 120.7154 120.5812 120.7520 120.7500 120.7500 120.7347 120.6877 120.6877 120.6438 120.5574 120.5436 120.5436 120.5295 120.4795 120.4795 120.3786 120.2286 120.2491 120.1638 120.1185 120.0408 120.0408 119.9984 120.0000 120.0000 120.0535 120.0362 120.0000 120.0000 120.0112 120.0098 120.0098 119.9862 119.7500 119.8790 119.6802 119.8816 119.9664
121.1009 121.1009 121.1048 121.0414 121.0099 121.0000 121.0000 121.0000 121.0000 121.0000 121.0000 120.9611 120.8772 120.8772 120.8353 120.7986 120.7681 120.5670 120.5670 120.4200 120.2659 120.1810 120.0638 120.0000 120.7154 120.7154 120.7515 120.7692 120.7841 120.7419 120.7419 120.7261 120.7118 120.6747 120.5925 120.5925 120.5400 120.5400 120.5036 120.4694 120.3888 120.2491 120.2491 120.2335 120.2030 120.1577 120.0809 120.0809 120.0364 120.0698 120.1587 120.1510 120.0979 120.0658 120.0658 120.0724 120.0202 120.0000 119.8790 119.8790 119.8439 120.0000 120.0000
121.1009 121.0748 121.0056 121.0056 120.9796 120.9797 121.0000 121.0000 121.0000 120.9332 120.9332 120.8700 120.7903 120.8772 120.7604 120.7304 120.5321 120.5321 120.4587 120.2627 120.2627 120.0684 119.9640 120.2931 120.2931 120.7535 120.7873 120.7873 120.7955 120.7529 120.7419 120.7412 120.7349 120.6607 120.6607 120.6236 120.5435 120.5400 120.5045 120.5000 120.3507 120.3507 120.2500 120.2229 120.2229 120.2090 120.1346 120.0809 120.1002 120.1473 120.2337 120.2337 120.1980 120.0478 120.0658 120.0427 120.0098 120.0018 120.0018 120.0002 120.0000 120.0000 120.0000
121.0213 121.0213 121.0037 120.9584 120.9042 120.9064 120.8970 120.9035 120.9035 120.8813 120.8482 120.7850 120.7221 120.6592 120.5851 120.5851 120.4788 120.3886 120.3886 120.3157 120.2131 120.0300 119.9358 120.1661 120.7500 120.7500 120.7740 120.7903 120.7917 120.7711 120.7653 120.7526 120.7526 120.7237 120.6510 120.6510 120.5980 120.5450 120.5000 120.5000 120.5000 120.3965 120.3965 120.2498 120.2359 120.2290 120.2263 120.1883 120.2247 120.2247 120.2440 120.2500 120.2500 120.0404 120.0000 120.0187 120.0187 120.0328 120.0611 120.0611 120.0406 120.0000 120.0000
120.8341 121.0213 120.8067 120.7943 120.9042 120.7460 120.7800 120.7790 120.9035 120.7763 120.7612 120.7850 120.6283 120.5558 120.4498 120.5851 120.3938 120.3023 120.3886 120.2500 120.2122 120.0000 120.0000 120.2484 120.7500 120.7500 120.7668 120.7934 120.7917 120.7885 120.7857 120.7723 120.7526 120.7533 120.6699 120.6510 120.6169 120.5639 120.5220 120.5000 120.5120 120.4448 120.3965 120.3277 120.2579 120.2290 120.2466 120.2421 120.2500 120.2247 120.2500 120.2500 120.2500 120.2380 120.1272 120.0798 120.0187 120.0923 120.1070 120.0611 120.0878 120.0372 119.9849
120.6118 120.6027 120.6049 120.6049 120.5874 120.5828 120.5828 120.5831 120.5990 120.5864 120.5864 120.5157 120.4206 120.4206 120.3761 120.3316 120.2574 120.2574 120.2500 120.0444 120.0444 120.0324 120.3762 120.7811 120.8206 120.7832 120.8480 120.8480 120.7959 120.7934 120.7934 120.7963 120.7807 120.7385 120.7385 120.6837 120.5779 120.5779 120.5817 120.5952 120.5000 120.5000 120.4504 120.2867 120.2867 120.2749 120.2500 120.2500 120.2500 120.2500 120.2500 120.2500 120.0000 120.1766 120.1766 120.1206 120.1167 120.1268 120.1268 120.1429 120.0906 120.0906 120.0397
120.6027 120.3814 120.5949 120.6049 120.4948 120.3634 120.5828 120.3824 120.4155 120.5900 120.5864 120.4278 120.3602 120.4206 120.3138 120.2673 120.3051 120.2500 120.2500 120.1739 120.0444 120.2630 120.7911 120.7811 120.8988 120.8918 120.7505 120.8480 120.8641 120.7715 120.7934 120.7730 120.7610 120.7509 120.6837 120.6937 120.6518 120.5779 120.6277 120.6035 120.5492 120.4504 120.4774 120.3780 120.2867 120.2889 120.2555 120.2500 120.2500 120.2297 120.2500 120.2500 120.1644 120.1904 120.1766 120.1613 120.1416 120.1218 120.1429 120.1799 120.1458 120.0906 120.0931
120.3739 120.3814 120.4775 120.5000 120.3400 120.3400 120.2500 120.2596 120.2596 120.2888 120.2790 120.2968 120.2968 120.3073 120.2561 120.2561 120.2458 120.3292 120.3603 120.3603 120.5100 120.9919 120.9919 120.9617 120.9709 120.9709 121.0000 121.0000 120.8562 120.8562 120.7826 120.7500 120.7500 120.7443 120.7094 120.6766 120.6766 120.6516 120.6034 120.6034 120.5497 120.5000 120.4774 120.4545 120.3800 120.2844 120.2844 120.2672 120.2500 120.2500 120.0000 120.1009 120.2500 120.2500 120.2217 120.1814 120.1814 120.1716 120.2159 120.2362 120.2362 120.2097 120.1139
120.4624 120.4282 120.5000 120.5000 120.4789 120.2500 120.2500 120.2500 120.2500 120.2500 120.2195 120.4036 120.5794 120.5794 120.5383 120.3871 120.3948 120.6862 120.6862 121.0222 121.0222 121.0287 121.0164 121.0004 121.0001 121.0000 121.0000 121.0000 120.9610 120.8037 120.8037 120.7528 120.7500 120.7500 120.7340 120.7340 120.6761 120.6761 120.6387 120.6033 120.5717 120.5408 120.5100 120.4316 120.4316 120.3606 120.2775 120.2775 120.2515 120.0311 120.1432 120.1272 120.2521 120.2634 120.2634 120.2430 120.2295 120.1966 120.2500 120.2500 120.2500 120.2500 120.2238
120.7436 120.6442 120.7123 120.5000 120.6557 120.2500 120.2500 120.2500 120.3784 120.7057 120.7057 120.7911 120.9442 120.5794 121.0054 121.0136 120.9497 120.9497 121.0259 121.0587 121.0222 121.0678 121.0535 121.0004 121.0366 121.0074 121.0000 121.0000 120.9803 120.8203 120.8037 120.7819 120.7627 120.7500 120.7500 120.7500 120.7134 120.6761 120.6712 120.6356 120.5717 120.5606 120.5229 120.4458 120.4316 120.3878 120.2671 120.2775 120.0662 120.1914 120.3191 120.3191 120.2516 120.2813 120.2634 120.2636 120.2500 120.2564 120.2564 120.2937 120.2784 120.2500 120.2497
121.3027 121.3027 121.5000 121.5098 121.5000 121.5000 121.0600 120.8512 120.8512 120.8902 121.0584 121.0924 121.1241 121.1558 121.2014 121.2014 121.2108 121.1395 121.1395 121.1371 121.1317 121.0974 121.0974 121.0864 121.0519 121.0519 121.0341 121.0185 121.0006 120.9278 120.8513 120.7881 120.7881 120.7695 120.7500 120.7500 120.7500 120.7392 120.6700 120.6700 120.6326 120.5482 120.5482 120.5357 120.4824 120.2905 120.2905 120.0000 120.2975 120.2975 120.3656 120.3149 120.2500 120.2500 120.2500 120.2500 120.2500 120.2500 120.3189 120.3189 120.3687 120.3652 120.2500
121.4937 121.3027 121.5483 121.5523 121.5000 121.0600 121.2811 121.0550 120.8512 121.0948 121.1681 121.0924 121.2337 121.2527 121.2636 121.2014 121.2636 121.2507 121.1395 121.2229 121.1886 121.1112 121.0974 121.1371 121.1002 121.0519 121.0823 121.0653 121.0006 120.9620 120.9027 120.8275 120.7881 120.7950 120.7711 120.7500 120.7573 120.7396 120.7055 120.6700 120.6824 120.6463 120.5482 120.6283 120.5353 120.4141 120.0000 120.4289 120.3565 120.2975 120.3451 120.2867 120.2500 120.2008 120.1831 120.2500 120.2500 120.2631 120.3428 120.3189 120.3985 120.4104 120.3013
121.5000 121.5041 121.5617 121.5617 121.5128 121.2500 121.1421 121.1421 121.1776 121.2763 121.2763 121.2710 121.2715 121.3485 121.2770 121.2824 121.2789 121.2789 121.2676 121.2493 121.2493 121.2234 121.2040 121.1808 121.1808 121.1590 121.1064 121.1064 121.0500 120.9542 120.9851 120.9166 120.8790 120.8037 120.8037 120.7831 120.7500 120.7500 120.7356 120.7242 120.7052 120.7052 120.6872 120.5148 120.5148 120.0000 120.4829 120.4389 120.4389 120.3946 120.2545 120.2545 120.2500 120.1464 120.2162 120.2322 120.3081 120.3570 120.3570 120.3936 120.4746 120.4746 120.3751
121.5000 121.5000 121.5191 121.5239 121.4094 121.2500 121.2500 121.2930 121.2930 121.3540 121.3646 121.3593 121.3485 121.3485 121.3432 121.3305 121.3085 121.2843 121.2843 121.2732 121.2636 121.2514 121.2500 121.2500 121.2170 121.2170 121.1899 121.1477 121.0878 120.9851 120.9851 120.9458 120.9150 120.8863 120.8076 120.8076 120.7828 120.7631 120.7517 120.7486 120.7408 120.7294 120.7294 120.6774 120.3281 120.5985 120.4851 120.4851 120.3912 120.3912 120.3236 120.2589 120.2500 120.2162 120.2162 120.2925 120.3761 120.4071 120.4589 120.4589 120.4946 120.5228 120.5226
121.5198 121.5000 121.5000 121.4860 121.3415 121.3415 121.4035 121.4687 121.2930 121.4583 121.4529 121.4183 121.4183 121.3963 121.3523 121.3523 121.3302 121.3021 121.2843 121.2906 121.2804 121.2649 121.2649 121.2641 121.2600 121.2170 121.2372 121.1890 121.0762 121.0762 121.0184 120.9694 120.9694 120.9438 120.8747 120.8076 120.8116 120.7835 120.7624 120.7624 120.7607 120.7500 120.7294 120.1374 120.7500 120.6171 120.6171 120.5280 120.4096 120.3912 120.3216 120.2602 120.2500 120.2500 120.2964 120.4358 120.4358 120.4408 120.5083 120.4589 120.5994 120.6287 120.5597
121.5691 121.5364 121.5000 121.5000 121.4464 121.5000 121.5000 121.5000 121.5000 121.4840 121.4840 121.4620 121.4180 121.4180 121.3960 121.3740 121.3519 121.3363 121.3230 121.3027 121.3027 121.2998 121.2968 121.2942 121.2909 121.2852 121.2298 121.2298 121.1781 121.0658 121.0658 121.0388 121.0145 121.0000 120.9996 120.9447 120.7999 120.7999 120.7817 120.7656 120.7500 120.7500 120.6291 120.7500 120.7500 120.7500 120.6047 120.6047 120.5300 120.4320 120.2500 120.2500 120.2887 120.3807 120.3807 120.4340 120.4783 120.4778 120.4896 120.6381 120.7233 120.7233 120.6721
121.5740 121.5313 121.5127 121.5000 121.5703 121.5797 121.5000 121.5094 121.5000 121.4901 121.4840 121.4838 121.4398 121.4180 121.4178 121.3958 121.3519 121.3571 121.3438 121.3474 121.3027 121.3318 121.3288 121.2942 121.3228 121.3364 121.2860 121.2298 121.2283 121.1266 121.0658 121.1049 121.0823 121.0000 121.0000 120.9805 120.8249 120.7999 120.7766 120.7676 120.7500 120.7335 120.8000 120.7975 120.7500 120.7520 120.6931 120.6047 120.6022 120.5000 120.3289 120.2500 120.3707 120.4618 120.3807 120.5000 120.5000 120.4778 120.5392 120.7500 120.7500 120.7233 120.7159
121.5587 121.5878 121.5188 121.5913 121.7077 121.7077 121.6716 121.4874 121.4715 121.4381 121.4527 121.4836 121.4836 121.4616 121.4175 121.4175 121.3954 121.3773 121.4183 121.3838 121.3902 121.3608 121.3608 121.3580 121.3860 121.4330 121.3860 121.3462 121.2282 121.2282 121.1906 121.1516 121.1516 121.0758 120.9650 120.9629 120.9077 120.8498 120.7590 120.7590 120.7501 120.8962 121.0000 120.9117 120.8675 120.7932 120.7932 120.7532 120.5000 120.5000 120.5000 120.4143 120.4713 120.4713 120.5000 120.5000 120.5000 120.5000 120.7603 120.8098 120.8243 120.7860 120.6937
121.5878 121.5878 121.5711 121.6391 121.7245 121.7214 121.7214 121.4715 121.4715 121.4239 121.4153 121.4530 121.4834 121.4834 121.4613 121.4392 121.4176 121.4183 121.4183 121.4247 121.4312 121.4278 121.4056 121.3899 121.4330 121.4330 121.4500 121.4174 121.3655 121.2500 121.2500 121.2417 121.2066 121.1237 120.9629 120.9629 120.9277 120.8540 120.7953 120.7522 120.8234 121.0000 121.0000 120.9739 120.9362 120.8942 120.7550 120.7550 120.5000 120.5000 120.5000 120.4992 120.5448 120.5247 120.5247 120.5000 120.5000 120.6089 120.8098 120.8098 120.8839 120.8535 120.7926
121.6758 121.6121 121.6914 121.6914 121.7500 121.6428 121.5000 121.5000 121.4881 121.4565 121.4565 121.4717 121.5000 121.4834 121.4887 121.4719 121.4464 121.4464 121.4503 121.4721 121.4721 121.4790 121.4571 121.4543 121.4543 121.4793 121.5000 121.5000 121.4497 121.3304 121.2500 121.2592 121.2500 121.0666 121.0666 120.9928 120.8202 120.8202 120.8626 120.8540 121.0000 121.0000 121.0000 120.9450 120.9450 120.8625 120.7500 120.6536 120.6536 120.6402 120.6570 120.6570 120.6744 120.5897 120.5247 120.5000 120.5422 120.7994 120.7994 120.8797 120.9133 120.9133 120.8503
121.6477 121.6477 121.6815 121.7369 121.7500 121.6191 121.6191 121.5000 121.5000 121.4897 121.5000 121.5000 121.5000 121.5000 121.5000 121.5000 121.5000 121.4823 121.4823 121.4899 121.4987 121.5156 121.5080 121.4946 121.5000 121.5000 121.5000 121.5022 121.5157 121.4926 121.4137 121.2500 121.2500 121.2083 121.0187 121.0187 121.0000 120.7958 120.9371 120.9605 121.0117 121.0155 121.0155 120.9925 120.9456 120.8291 120.7659 120.7659 120.7905 120.7905 120.8429 120.8232 120.7500 120.7469 120.6783 120.6833 120.6833 120.7709 120.9692 120.9692 120.9947 120.9735 120.9130
121.7278 121.6477 121.7398 121.7500 121.7500 121.7500 121.6825 121.5614 121.5000 121.5548 121.5703 121.5000 121.5356 121.5197 121.5952 121.5000 121.6149 121.5644 121.4823 121.5814 121.5734 121.5528 121.5528 121.5373 121.5000 121.5000 121.5000 121.5650 121.5157 121.5194 121.4464 121.2720 121.2500 121.1883 121.0234 121.0187 121.0000 121.0000 121.0000 121.0000 121.0272 121.0718 121.0155 121.0182 120.9636 120.9067 120.9067 120.9017 120.9843 120.7905 121.0000 120.9712 120.7500 120.7897 120.8587 120.8903 120.6833 121.0000 121.0000 120.9692 121.0254 121.0314 120.9441
121.7500 121.7500 121.7595 121.7595 121.7534 121.7500 121.7500 121.6761 121.6520 121.6423 121.6423 121.6266 121.6311 121.6311 121.6464 121.6646 121.7500 121.7500 121.7288 121.6708 121.6708 121.6396 121.6017 121.5827 121.5638 121.5344 121.5000 121.5000 121.5248 121.4563 121.4563 121.3435 121.2497 121.0821 121.0821 121.0136 121.0270 121.0270 121.0000 121.0041 121.1201 121.2132 121.2421 121.0000 121.0000 121.0786 121.0706 121.0706 121.0325 121.0269 121.0000 121.0000 121.0021 121.0457 121.0457 121.0340 121.0000 121.0388 121.0388 121.0745 121.1442 121.1442 121.1120
121.8016 121.8176 121.7843 121.7595 121.7626 121.7500 121.7500 121.7500 121.7312 121.6320 121.6423 121.7118 121.7425 121.6311 121.7459 121.7377 121.7309 121.7288 121.7277 121.7500 121.6708 121.6889 121.6475 121.5827 121.6046 121.5721 121.5000 121.5000 121.5000 121.4146 121.4563 121.3045 121.2490 121.1942 121.0136 121.0904 121.1468 121.0270 121.0757 121.0986 121.1201 121.3225 121.3480 121.2488 121.0000 121.3246 121.3176 121.0706 121.3111 121.3072 121.0000 121.0000 121.2010 121.2554 121.0457 121.1926 121.1456 121.0275 121.0745 121.1648 121.2443 121.1442 121.1917
121.9211 121.9771 121.8703 121.8448 121.8063 121.8063 121.8002 121.7582 121.7582 121.7506 121.7615 121.7044 121.7044 121.6948 121.6785 121.6785 121.6703 121.6755 121.7054 121.7054 121.7353 121.7038 121.7038 121.6696 121.6099 121.6099 121.5450 121.5000 121.0000 121.0000 121.0000 121.1911 121.1911 121.0791 121.1169 121.2888 121.2888 121.2764 121.2328 121.2328 121.3360 121.4478 121.5811 121.4716 121.5699 121.5144 121.5144 121.5612 121.5000 121.5000 121.4559 121.4362 121.4706 121.4706 121.4466 121.3312 121.3312 121.2803 121.2537 121.2933 121.2933 121.2918 121.0345
121.9771 121.9771 121.9293 121.9098 121.8903 121.8567 121.8567 121.8376 121.8194 121.7918 121.7853 121.7566 121.6967 121.6967 121.6668 121.6368 121.6111 121.6587 121.6587 121.7462 121.7462 121.7505 121.7285 121.7078 121.6142 121.5408 121.5000 121.3439 121.2085 121.2942 121.2942 121.0000 121.0988 121.0003 121.1962 121.1962 121.4060 121.4060 121.3640 121.3824 121.4583 121.5811 121.5811 121.7500 121.7500 121.7609 121.7500 121.7500 121.7402 121.6056 121.6725 121.6160 121.5353 121.5000 121.5000 121.5000 121.4766 121.4107 121.3423 121.3423 121.1900 121.1900 121.0622
122.0628 122.0574 121.9692 121.9692 121.9443 121.9172 121.8567 121.9010 121.8779 121.8238 121.8238 121.8307 121.7876 121.6967 121.7661 121.7445 121.7150 121.7150 121.7587 121.8265 121.7462 121.7717 121.7458 121.7078 121.5343 121.5000 121.4942 121.4942 121.4686 121.4214 121.2942 121.2924 121.0584 121.1127 121.1127 121.2295 121.4543 121.4060 121.5122 121.5474 121.6982 121.6982 121.7500 121.7500 121.7500 121.7500 121.7500 121.7500 121.7500 121.7500 121.7217 121.7217 121.6279 121.5000 121.5000 121.5000 121.5000 121.4222 121.4222 121.3375 121.0925 121.1900 120.9904
122.3186 122.3186 122.0000 121.9854 121.9639 121.9526 121.9685 121.9362 121.9362 121.9078 121.8850 121.8958 121.9095 121.9223 121.8792 121.8792 121.8842 121.8587 121.8587 121.9024 121.8442 121.7500 121.7500 121.7500 121.4940 121.4940 121.4518 121.4475 121.4877 121.4633 121.4300 121.2192 121.2192 121.3000 121.2459 121.2459 121.3635 121.4909 121.7500 121.7500 121.7509 121.7500 121.7500 121.7500 121.7500 121.7500 121.7165 121.6759 121.6560 121.6560 121.6757 121.6479 121.6129 121.5000 121.5000 121.4413 121.4413 121.3111 121.1486 121.1486 121.0702 121.0000 120.9420
