test/input_data/caersws/backup5220/caerswsmeanders3.asc
ncols         139
nrows         142
xllcorner     303085
yllcorner     285097
cellsize      10
NODATA_value  -9999
[rows 56 to 83 of 142, columns 0 to 62 of 139]
121.4506 121.3418 121.4670 121.5987 121.5602 121.5602 121.7780 121.5000 121.5000 121.5000 121.5000 121.4528 121.5000 121.5000 121.5000 121.5000 121.5711 121.0000 121.0530 120.3045 119.9382 120.0000 120.0000 119.9947 120.0080 120.0080 120.0000 120.2506 120.4693 120.5114 120.5838 120.7500 120.7500 120.7500 120.7517 120.7625 120.7610 120.7675 120.7838 120.7838 116.6965 116.7000 116.7039 116.7080 116.7124 119.5000 119.5000 119.5000 119.6938 119.6938 120.0000 120.0000 120.5088 120.5323 120.5169 120.5000 120.5000 120.5000 120.3250 120.2251 120.2065 120.1601 120.0756
121.4445 121.3905 121.8022 121.8022 121.8644 121.5387 121.5387 121.5000 121.5000 121.6734 121.5000 121.5000 121.5000 121.5000 121.5000 121.5000 121.5226 120.3490 120.0000 119.8170 119.8170 119.8943 120.0000 120.0000 120.0000 120.1793 120.1657 120.1030 120.1171 120.6804 120.6804 120.7500 120.7568 120.7737 120.7680 120.6839 120.7550 120.7550 120.7565 120.7711 116.7161 116.7203 116.7248 119.2507 119.2507 119.5000 119.5000 119.5000 119.5000 119.8226 119.9053 120.0000 120.0000 120.5000 120.5000 120.5000 120.5000 120.5000 120.5000 120.4096 120.2000 120.2000 120.2000
121.5327 121.3540 121.6943 121.8022 121.8290 121.5000 121.5387 121.5000 121.6516 121.6734 121.5570 121.5000 121.5000 121.5000 121.5000 120.9227 121.5226 119.9725 120.0000 119.9223 119.8170 119.9915 120.0000 120.0000 120.2548 120.4170 120.1657 120.3890 120.0000 120.7127 120.6804 120.7500 120.7500 120.7737 120.7770 120.7500 120.7500 120.7550 120.7500 116.7309 116.7355 116.7403 119.2197 119.5000 119.2507 119.5000 119.5000 119.5000 119.5000 120.0000 119.9053 120.0000 120.0000 120.5000 120.5000 120.5000 120.5000 120.5000 120.5000 120.4905 120.2000 120.2000 120.2000
121.5082 121.6623 121.4604 121.4755 121.5000 121.5000 121.4962 121.7676 121.7676 121.7142 121.5000 121.4367 121.5000 121.5000 120.0000 120.0000 119.9354 120.0000 120.2501 120.0000 120.1445 120.0923 120.0923 120.1122 120.5132 120.5132 120.5378 120.1179 120.5065 120.1600 120.4530 120.6922 120.6922 120.7288 120.7500 120.6316 120.7301 120.4783 120.5589 116.7492 116.7544 119.1888 119.3373 119.5169 119.5310 119.5000 119.5000 119.6058 120.0000 120.0000 120.0000 120.0000 120.0512 119.8825 120.5663 120.5715 120.5715 120.5000 120.5000 120.5000 120.3745 120.2360 120.0874
121.6623 121.6623 121.6145 121.5646 121.5111 121.4154 121.4154 121.4917 121.6433 121.5680 121.4367 121.4367 121.0654 120.2434 120.0000 120.0000 119.9763 120.2501 120.2501 120.5580 120.5000 120.5000 120.5000 120.5000 120.5010 120.5357 120.5703 120.5065 120.5065 120.0000 120.3674 120.5026 120.5876 120.6726 120.6316 120.6316 120.5000 120.3606 120.4989 116.7671 116.7730 119.3373 119.3373 119.5442 119.5864 119.5119 119.5550 119.5550 119.5296 120.0069 120.1025 120.0512 120.0512 120.1203 120.5842 120.6397 120.5659 120.5000 120.5000 120.5000 120.3731 120.2791 120.1853
121.6037 121.7000 121.6932 121.6932 121.6236 121.5047 121.4154 121.5234 121.5062 121.4390 121.4390 121.1990 119.9761 119.9761 119.9615 120.0000 120.5856 120.5856 120.8366 120.6519 120.6519 120.5000 120.5881 120.5000 120.5310 120.5651 120.6247 120.6247 120.5463 120.2896 120.2896 120.5000 120.5418 120.5936 120.5936 120.5236 120.5000 120.5000 120.4108 116.7845 116.7911 119.2882 119.3421 119.5349 119.5349 119.5000 119.5545 119.5550 119.5103 120.0024 120.2118 120.2118 120.3310 120.5120 120.5120 120.5437 120.5035 120.5615 120.5615 120.5128 120.3225 120.3225 120.2315
121.7000 121.7000 121.7255 121.7754 121.7982 121.7235 121.6693 121.6299 121.6299 121.7859 120.8439 120.8439 120.1847 120.0000 120.0815 120.3329 120.5473 121.0000 121.0000 121.0000 120.6192 120.5000 120.6591 120.7653 120.5988 120.5988 120.6329 120.6549 120.6549 120.5676 120.0000 120.5000 120.5000 120.5172 120.5000 120.5000 120.5000 120.5000 120.5000 116.8014 116.8086 119.3379 119.3379 119.5000 119.5000 119.5000 119.8825 119.8378 119.6700 119.6700 120.0752 120.3550 120.3550 120.4523 120.5000 120.5000 120.5000 120.3550 120.5000 120.5000 120.4570 120.3660 120.2750
121.8014 121.7000 121.8690 121.8582 121.7982 121.9045 121.8542 121.6138 121.6299 121.5000 120.4429 120.8439 120.0000 120.0440 120.5000 120.5000 120.5829 121.0000 121.0000 121.0000 120.5000 120.5000 120.8354 120.8803 120.6325 120.5988 120.6793 120.7634 120.6549 120.6784 120.5255 120.1052 120.1052 120.3349 120.5000 120.5000 120.5000 120.5000 119.7901 116.8178 116.8256 119.3086 119.3379 119.5000 119.5000 119.5000 120.0000 120.0000 120.0000 119.6700 120.1006 120.4140 120.3550 120.4981 120.5000 120.5000 120.5000 120.5000 120.4214 120.5000 120.4317 120.4979 120.2750
122.0012 121.9888 121.9421 121.9421 121.9782 121.8316 121.8316 121.6733 121.5159 121.0000 121.0000 120.4128 120.1777 120.1777 120.4118 120.5844 120.7333 120.9595 121.0000 121.0000 121.0000 121.0000 121.0000 121.0000 120.8426 120.6728 120.8340 120.8340 120.8720 120.6856 120.6856 120.4966 120.3764 120.5000 120.5000 120.5000 120.5000 120.5000 120.4756 116.8334 116.8418 116.8506 119.1215 119.5000 119.5000 119.8397 120.0000 120.0000 120.0000 120.0000 120.2896 120.2896 120.4707 120.5402 120.5402 120.5638 120.5000 120.5379 120.5094 120.4086 120.4305 120.4305 120.5000
122.0442 122.0321 121.9672 121.9421 122.0000 121.6530 121.8316 121.5491 121.2168 121.1539 120.4128 121.5000 120.3198 120.1777 120.5000 120.5000 120.7333 120.9274 121.0000 121.0000 121.0000 121.0000 120.9796 121.0000 120.8688 120.7609 120.7328 120.8720 120.9806 120.8171 120.6856 120.6279 120.5000 120.5000 120.5000 120.5000 120.5000 120.5000 120.0387 116.9958 116.8574 116.8668 116.8765 119.3545 119.5000 119.5000 120.0000 120.0000 120.0000 120.0000 120.0995 120.4707 120.4641 120.5000 120.5402 120.5000 120.5113 120.5379 120.5000 120.5000 120.3806 120.4305 120.5000
122.0454 122.0454 122.0114 122.0000 121.8545 121.8545 121.5000 120.5201 120.5201 120.5291 120.9550 121.0884 121.0884 120.5000 120.5000 120.5000 120.5000 120.8969 120.8969 121.0000 121.0000 121.0000 121.0000 121.0000 120.9263 120.9263 121.0232 121.0000 120.9645 120.9645 120.6792 120.5235 120.5235 120.5000 120.5000 120.5000 120.5000 120.5000 119.5000 119.5000 119.4693 116.8821 116.8924 116.9031 119.6947 120.0000 120.0000 120.0000 120.0000 120.0000 120.0293 120.4616 120.5000 120.5000 120.5000 120.6373 120.6373 120.5011 120.6476 120.6476 120.6091 120.5235 120.5000
125.8292 122.0323 122.0080 122.0000 121.9894 121.1561 121.1561 120.6528 120.5000 120.5425 120.8717 120.8717 120.5000 120.5000 120.3375 120.5000 120.5000 120.6062 120.8398 121.0075 121.0115 121.0000 121.0000 121.0000 121.0000 121.0000 121.1596 121.0000 121.0000 120.5000 120.5000 120.5522 120.5740 120.5000 120.5000 120.5000 120.5000 120.5000 119.5000 119.5000 119.5000 118.4993 116.9074 116.9187 116.9304 119.9126 120.0000 120.0000 120.0000 120.0000 120.0950 120.5000 120.5000 120.5000 120.5000 120.5848 120.7361 120.7500 120.7504 120.7500 120.7500 120.7076 120.5930
125.7968 122.0000 121.9530 121.9530 121.7497 120.5000 121.1561 120.5000 120.4648 120.6461 120.6461 120.7759 121.7140 120.5000 120.4156 120.5000 120.5000 120.5004 120.6146 120.9985 120.9985 121.0000 121.0000 121.0000 121.0000 121.0000 120.7579 120.7579 120.5389 120.5000 120.5000 120.5080 120.5000 120.5415 120.5415 120.5000 120.5000 120.5000 119.4454 119.5371 119.5000 119.5924 116.9212 116.9331 116.9455 119.6539 120.0000 120.0000 120.0000 120.1190 120.4304 120.4304 120.5195 120.5168 120.5000 120.6157 120.7500 120.7500 120.7729 120.7643 120.6734 120.6734 120.6041
125.7645 122.0000 121.9194 121.7103 121.5424 120.7237 120.4128 120.5492 120.5492 120.5508 120.7548 120.7548 120.9130 122.0229 120.4482 120.4482 120.4483 120.4582 120.4582 120.5537 120.6482 120.8121 121.0898 121.0028 120.5596 120.5596 120.4835 120.4717 120.4717 120.4252 120.4479 120.5000 120.5000 120.5167 120.6737 120.6737 120.6915 120.5643 119.5000 119.5421 119.7045 120.0000 120.0000 116.9463 116.9591 116.9725 119.7003 120.0000 120.2414 120.2414 120.3569 120.5471 120.5471 120.5839 120.5382 120.7500 120.7500 120.7500 120.7500 120.7500 120.6526 120.5451 120.5243
125.7322 122.0000 121.7548 121.5367 121.5424 120.5000 120.5000 120.7027 120.5492 120.6319 120.6958 120.7548 120.9607 121.8747 120.5000 120.4482 120.2775 120.3610 120.4582 120.4544 120.4803 120.8121 120.5426 120.5334 120.4612 120.5596 120.4354 120.4835 120.4717 120.4325 120.4657 120.5159 120.5000 120.5445 120.7854 120.6737 120.8059 120.8242 119.5000 119.5490 119.7273 120.0000 120.0000 120.0000 116.9712 116.9851 116.9996 119.6863 120.1868 120.2414 120.3182 120.5383 120.5471 120.5932 120.6621 120.5814 120.7500 120.7500 120.7256 120.7500 120.5812 120.4630 120.5243
125.6998 121.9606 121.4781 121.4781 121.2047 120.7266 121.5000 120.9404 120.8541 120.5000 120.5000 120.5323 122.0000 122.0000 120.4635 120.3866 120.3561 120.3561 120.3494 120.4634 120.4634 120.4076 120.5000 120.4539 120.4850 120.4445 120.4550 120.4550 120.4952 120.5000 120.6430 120.5000 120.5437 120.8182 120.8182 120.8899 120.6681 120.6681 120.0871 119.7312 120.0000 119.9477 120.0000 120.0217 120.0217 116.9957 117.0106 117.0264 119.4333 120.1141 120.4374 120.4374 120.5303 120.6449 120.6449 120.7211 120.7500 120.7500 120.7500 120.6306 120.3537 120.3537 120.1087
125.6674 122.0000 121.7029 121.3289 121.0000 121.5000 121.5000 121.5000 120.9220 120.7726 120.7011 120.7011 121.5602 121.2412 120.7302 120.7271 120.4993 120.4526 120.4526 120.5000 120.4634 120.4402 120.4539 120.4539 120.4287 120.4743 120.5000 120.5970 120.5970 120.6430 120.6430 120.6859 120.7097 120.6036 120.9971 120.9971 121.0000 120.9009 120.6135 120.0000 120.0000 119.9479 120.0234 120.1259 120.1474 120.0018 117.0188 117.0346 117.0520 117.0716 120.0986 120.5214 120.5214 120.5662 120.6241 120.7004 120.8697 120.7785 120.5718 120.5718 120.5000 120.4247 120.3443
125.6351 121.9486 121.6181 121.3074 121.5246 121.5246 121.3703 120.9702 120.9702 120.8411 120.9724 120.7011 122.5000 120.9538 121.0000 121.0000 121.0000 121.0239 120.4526 121.0000 120.5643 120.4942 120.4942 120.3298 120.4121 120.4121 120.5000 120.7872 120.8298 120.8298 120.8322 120.9700 120.9700 121.0204 121.0538 120.9971 121.0000 121.0000 120.4804 120.4804 119.9181 119.9011 119.9011 120.0250 120.0446 119.9575 119.9575 117.0392 117.0557 117.0749 117.0992 120.5068 120.5214 120.5562 120.6034 120.7500 120.7500 120.7500 120.6550 120.5718 120.6328 120.5738 120.5000
125.6028 121.7008 121.4632 121.3868 121.4129 121.5210 121.5210 121.0000 121.0000 120.9702 121.0233 121.4124 120.8215 120.8215 120.6219 120.8170 120.9984 121.0354 121.0769 120.9534 120.9534 120.7272 120.4751 120.4751 120.4351 120.5000 120.5603 120.9447 120.9447 121.0000 121.0000 121.0309 121.0323 121.0842 121.1564 121.1522 121.0000 121.0000 121.0044 120.7383 120.7383 120.1422 120.0000 120.0000 120.0000 120.0000 119.8031 119.8031 117.0541 117.0701 117.0915 117.1260 117.1857 120.5277 120.5277 120.6197 120.7500 120.7500 120.7500 120.7506 120.7075 120.7075 120.5770
125.5704 121.5105 121.3652 121.3652 121.3936 121.4691 121.5210 121.1597 121.0000 120.9702 121.3266 122.3131 120.9476 120.8215 120.6694 120.7541 120.9984 120.9809 121.0000 121.0000 120.9534 120.9774 120.9413 120.4751 120.6439 120.5220 120.7218 120.7218 120.9790 121.0410 121.0000 121.0786 121.1059 121.0842 121.1959 121.1761 121.0194 121.0000 121.0104 121.0160 120.7383 121.0000 120.8269 120.1021 120.1021 120.0000 120.0000 119.8031 119.8568 118.7538 116.5423 117.0901 117.1596 117.3256 120.5277 120.6073 120.7493 120.7500 120.4787 120.8116 120.7621 120.7075 120.7500
125.5380 121.6104 121.4988 121.4182 121.4114 121.5000 121.5000 121.3187 121.3187 121.4797 121.9575 121.9575 121.3307 121.0803 120.9459 120.9459 120.9310 121.0000 121.0000 120.6860 121.0883 121.0027 121.0027 121.0404 120.8032 120.8032 120.8229 121.0025 121.0025 121.0533 121.0824 121.1577 121.1577 121.1808 121.1901 121.1901 121.1213 121.0797 121.0472 121.0472 121.0467 121.0000 121.0000 121.0000 120.9947 120.3630 120.0000 120.0000 120.0317 120.0317 119.8414 116.5710 117.0320 117.2739 118.2000 117.6443 120.6563 120.6806 120.9133 120.9133 120.8866 120.7553 120.7426
125.5057 121.6104 121.5000 121.4943 121.4114 121.5000 121.4727 121.3670 121.3187 121.3477 122.0563 121.9575 121.4551 121.1889 120.8953 120.9459 120.9923 121.0108 121.0000 120.9738 121.0000 121.0000 121.0404 121.0914 121.0000 120.8032 121.0000 121.0573 121.0025 121.1197 121.1477 121.1200 121.1577 121.2367 121.2232 121.1901 121.1816 121.1400 121.0618 121.0467 121.0898 121.0481 121.0000 121.0000 121.0000 120.3630 120.0481 119.8896 120.0745 120.0317 120.0000 119.7615 116.6000 116.9000 117.4164 117.5125 117.5094 120.6482 120.9946 120.9133 120.9767 120.9885 120.7500
125.4733 121.5899 121.5044 121.5044 121.5102 121.4870 121.4870 121.5000 121.4364 122.0934 122.0934 121.5000 121.4251 121.4251 121.0000 120.9679 121.1543 121.1543 121.3456 121.4821 121.4821 121.0000 121.2531 121.2449 121.2449 121.1787 121.3190 121.3190 121.2061 121.2140 121.2140 121.2420 121.2873 121.3332 121.3332 121.2834 121.2003 121.2003 121.1762 121.1470 121.1307 121.1307 121.0793 120.9903 120.9903 120.6252 120.0277 120.0277 120.0000 120.0000 120.0581 120.0581 120.0460 117.1557 117.3062 117.4150 117.4631 120.6290 120.6153 121.3409 121.0000 121.0000 121.0188
125.4410 121.5601 121.5057 121.5411 121.5551 121.5568 121.5160 121.5000 122.0169 121.5000 121.5000 121.5000 121.5000 121.5000 121.5000 121.5000 121.4460 121.5000 121.5000 121.5000 121.5000 121.3896 121.4097 121.4097 121.4872 121.4872 121.5000 121.3602 121.3602 121.3140 121.3967 121.4429 121.4378 121.4262 121.3580 121.3580 121.3028 121.2606 121.2334 121.1784 121.1784 121.0734 121.0734 121.0259 120.8781 120.5077 120.2158 120.5000 120.2432 120.0000 120.0000 120.2743 120.2743 120.0185 117.3234 117.3930 117.4421 117.4754 120.5568 120.5568 121.0000 120.9406 120.9613
125.4086 121.5601 121.6082 121.5000 121.5551 121.5830 121.5138 121.8825 121.8825 121.5686 121.5801 121.5000 121.5000 121.5445 121.5925 121.5925 121.5294 121.5000 121.5000 121.5000 121.5000 121.5000 121.5000 121.5000 121.5000 121.4872 121.5000 121.4758 121.3602 121.4424 121.5000 121.5000 121.5000 121.5000 121.4317 121.3580 121.3803 121.3277 121.2261 121.2261 121.1736 121.0686 121.0734 121.0161 120.8010 120.5077 120.5927 120.6288 120.7953 120.7953 120.0256 120.0465 120.2743 120.0231 120.0000 117.4036 117.4420 117.4728 117.4976 120.5568 121.0000 120.9692 121.0126
125.3763 121.8740 121.5465 121.5465 121.5000 122.5000 122.5000 121.9477 121.7237 121.6994 121.7021 121.6632 121.6820 121.6820 121.6862 121.6896 121.6854 121.6261 121.5514 121.5000 121.5000 121.5000 121.5243 121.5243 121.5000 121.5034 121.5414 121.5414 121.5297 121.5000 121.5000 121.4480 121.5098 121.5000 121.5000 121.4601 121.3703 121.3703 121.3564 121.2151 121.2151 121.1620 121.1088 120.9917 120.9917 120.8672 120.8504 120.8504 120.8970 121.0000 120.8558 120.0702 119.4056 120.2843 120.2843 120.1167 117.4532 117.4782 117.5000 117.5190 121.0368 121.0368 121.0000
125.3440 121.9770 121.7107 121.5465 122.0261 121.9764 122.5000 121.8510 121.8008 121.6994 121.8236 121.7451 121.7800 121.6820 121.7833 121.7866 121.6854 121.7168 121.5652 121.5000 121.5000 121.5533 121.5000 121.5243 121.5000 121.5000 121.5374 121.5297 121.5524 121.5082 121.5000 121.5471 121.5896 121.5000 121.5336 121.5000 121.4251 121.3703 121.4280 121.2613 121.2151 121.2081 121.1410 121.0359 120.9917 120.9944 121.0000 120.8504 121.0376 121.0265 120.8558 120.6187 120.5000 120.5000 120.2843 120.5000 120.1950 117.4878 117.5055 117.5218 121.0000 121.0368 121.0000
125.3116 122.0269 121.6545 122.4937 122.0000 122.0000 122.0000 121.9258 121.9258 121.9610 121.8623 122.0000 121.8897 121.9084 121.8804 121.8804 121.6587 121.5790 121.5794 121.5000 121.5000 121.6755 121.6755 121.5000 121.5000 121.5000 121.5128 121.9611 121.8767 121.8767 121.8192 121.6711 121.6711 121.6676 121.5731 121.7172 121.5000 121.4904 121.4591 121.4591 121.3197 121.1039 121.1039 121.0000 121.0000 121.0000 121.0000 121.0060 121.0267 121.0267 120.8573 120.5000 120.5000 120.5743 120.5977 120.5000 120.5000 118.5643 117.5122 117.5254 117.5380 121.0000 121.4499
