test/input_data/caersws/backup5220/caerswsmeanders3.asc
ncols         139
nrows         142
xllcorner     303085
yllcorner     285097
cellsize      10
NODATA_value  -9999
[rows 84 to 111 of 142, columns 0 to 62 of 139]
125.2793 122.6585 122.5892 122.0000 122.0000 122.0774 122.0774 122.0009 122.0000 122.0000 122.0000 122.0000 122.0000 122.0000 121.7359 121.5175 120.7711 119.0265 119.0004 118.9743 118.9482 118.9222 118.8962 118.8702 118.8444 118.8187 118.7931 118.7676 118.7423 121.8754 121.8754 122.0000 121.9195 121.8429 121.7172 121.7172 121.5513 121.5000 121.5000 121.3889 121.3889 121.2503 121.0998 121.0000 121.0000 121.0000 121.0000 121.0000 121.0000 121.0033 120.8292 120.5000 120.5000 120.6229 120.7295 120.6663 120.5840 120.3936 117.5184 117.5285 117.5388 117.5491 121.0000
125.2469 122.8052 122.0000 122.0000 122.0000 122.0111 122.0774 121.4799 120.6703 119.2384 119.2125 119.1864 119.1602 119.1338 119.1074 119.0808 119.0542 119.0276 119.0010 118.9743 118.9477 118.9211 118.8945 118.8681 118.8417 118.8154 118.7892 118.7632 118.7373 118.7116 118.6861 118.6608 118.6358 121.9729 121.9729 121.8266 121.5000 121.5000 121.5000 121.4926 121.3889 121.3180 121.1229 121.0062 121.0062 121.0305 121.0032 121.0000 121.0000 120.9055 120.7054 120.7054 120.5000 120.7358 120.7358 120.8240 120.7572 120.5925 117.5227 117.5301 117.5381 117.5467 119.4144
125.2145 122.0000 122.0000 122.0000 120.9768 119.3481 119.3225 119.2966 119.2705 119.2441 119.2176 119.1908 119.1640 119.1370 119.1100 119.0829 119.0558 119.0286 119.0014 118.9743 118.9471 118.9200 118.8929 118.8660 118.8390 118.8122 118.7855 118.7589 118.7324 118.7062 118.6801 118.6542 118.6285 118.6031 118.5780 118.5532 121.5000 121.5000 121.5000 121.6189 121.5160 121.1597 121.1597 121.0284 121.0287 121.0776 121.0654 121.0322 121.0000 121.0000 121.0000 120.4416 120.4416 120.6017 120.7372 120.8438 120.9184 120.7369 120.6413 117.5291 117.5352 117.5424 117.5505
125.1822 119.4576 119.4331 119.4079 119.3823 119.3563 119.3299 119.3033 119.2764 119.2494 119.2222 119.1948 119.1674 119.1399 119.1123 119.0847 119.0571 119.0294 119.0018 118.9741 118.9465 118.9189 118.8914 118.8639 118.8365 118.8092 118.7820 118.7549 118.7279 118.7011 118.6744 118.6479 118.6217 118.5956 118.5699 118.5444 118.5192 118.4944 121.5000 121.6023 121.5000 121.3026 121.1597 121.2033 121.1879 121.0776 121.1333 121.0809 121.0000 121.0000 121.0000 120.4149 120.4416 120.5099 120.7030 120.9772 120.9772 120.9156 120.6591 117.5249 117.5295 117.5355 117.5428
125.1498 119.4689 119.4433 119.4171 119.3906 119.3637 119.3366 119.3092 119.2817 119.2540 119.2262 119.1983 119.1704 122.0000 121.8930 121.8316 121.7857 121.7489 121.7195 121.6967 121.7282 121.6671 121.6593 121.6529 121.6440 121.7311 121.5497 121.5497 121.5000 121.3895 121.5000 121.5000 121.1106 118.5887 118.5623 118.5361 118.5102 118.4847 118.4594 118.4346 118.4101 121.5000 121.4355 121.3545 121.3545 121.3249 121.1942 121.2733 121.1067 121.0000 121.0000 121.0000 120.5151 120.7272 121.0000 120.9357 121.0000 121.0000 120.8042 120.5039 117.5201 117.5254 117.5324
125.1175 119.4791 119.4524 119.4253 119.3979 119.3703 119.3424 119.3144 119.2863 119.9766 120.0882 120.0882 122.0000 121.9083 121.8713 121.8215 121.7765 121.7381 121.7066 121.6823 121.7579 121.7032 121.6470 121.6474 121.6452 121.7666 121.6785 121.5298 121.5298 121.5000 121.5000 121.5000 121.5000 121.5000 119.6395 119.6395 118.5021 118.4758 118.4499 118.4242 118.3988 118.3737 118.3489 121.4433 121.4932 121.4412 121.2733 121.2733 121.1657 121.0970 121.0000 121.0000 121.0000 121.0000 121.0000 121.0000 121.0000 121.0000 121.0000 120.6605 117.5065 117.5116 117.5189
125.0851 119.4879 119.4602 121.0000 121.3774 121.3774 121.5085 121.8547 121.8547 122.0000 122.0000 122.0000 122.0000 122.0000 121.8443 121.8046 121.7639 121.7257 121.6918 121.7048 121.6500 121.6187 121.6283 121.6413 121.7840 121.7840 121.6976 121.5067 121.5000 121.5000 121.5000 121.5332 121.5332 121.5977 121.1411 119.6395 121.1670 121.0742 118.4414 118.4150 118.3888 118.3628 118.3369 118.3110 121.5000 121.3773 121.2916 121.2285 121.1765 121.1259 120.9331 121.0000 121.0189 121.0189 121.0000 121.0000 121.0000 121.0000 120.7769 120.7769 117.4882 117.4937 117.5018
125.0528 121.0250 121.3492 121.6065 121.6615 121.9506 121.9506 122.0000 122.0000 122.0000 122.0000 122.0000 122.0000 122.0000 121.8467 121.7410 121.8747 121.8259 121.7574 121.6518 121.5809 121.5207 121.5271 121.5271 121.6379 121.6902 121.6743 121.5000 121.5000 121.5000 121.5000 121.5000 121.5000 121.5600 121.5000 121.4561 121.1911 121.1911 121.0169 120.6306 120.6306 118.3539 118.3271 118.3000 118.2725 118.2441 121.2772 121.2253 121.1886 121.1600 121.1401 121.0000 121.0000 121.0000 121.0000 121.0000 121.0057 121.0418 121.0337 120.9357 117.4647 117.4712 117.4810
125.0204 121.8009 122.0000 122.0000 121.9554 122.0000 121.9506 122.0000 122.0000 122.0000 122.0000 122.0000 122.0000 122.0000 122.0000 122.0000 121.8747 121.8849 121.7755 121.5668 121.5668 121.5000 121.5000 121.5271 121.5772 121.5964 121.5560 121.5560 121.5000 121.5255 121.5000 121.0000 121.3002 121.5600 121.5000 121.5000 121.2965 121.1911 121.1512 120.7545 120.6306 120.5182 120.5193 118.2924 118.2638 118.2334 118.2001 121.2126 121.1883 121.1767 121.0000 121.0000 121.0000 121.0119 121.0000 121.0244 121.0531 121.0418 121.0445 120.9318 117.4353 117.4439 117.4564
124.9881 122.0000 122.0000 122.0000 122.0972 122.0158 122.0608 122.0000 122.0000 122.0000 122.0000 122.0000 122.0000 122.0000 122.0000 122.0000 122.0000 121.7937 121.7937 121.6893 121.5562 121.5000 121.4842 121.4678 121.5026 121.5026 121.5000 121.4580 121.4580 121.4794 121.5000 121.2436 121.2436 121.4836 121.5000 121.5000 121.4848 121.4056 121.0887 121.0887 120.9087 120.5000 120.5000 120.5000 118.2604 118.2295 118.1938 118.1499 121.1708 121.1708 120.8721 121.0292 121.0292 121.0471 121.0667 121.1195 121.1195 121.0941 120.8888 120.8888 117.3996 117.4116 117.4282
124.9558 122.0000 122.0000 122.0046 122.0972 122.0164 122.1268 122.0000 122.0000 122.0000 122.0000 122.0000 122.0000 121.9105 122.0000 122.0000 121.8832 121.6868 121.7937 121.5754 121.4649 121.5000 121.3926 121.3762 121.4785 121.5026 121.4893 121.3569 121.4580 121.4025 121.4921 120.9960 121.2436 121.3002 121.4808 121.5000 121.3810 121.3590 121.2472 120.9087 121.0441 120.5000 120.5000 120.8402 120.7489 118.2348 118.2008 118.1536 118.0816 117.9752 121.0337 121.0997 121.0292 121.1078 121.1256 121.0844 121.1195 121.0828 120.8070 120.8888 117.3574 117.3746 117.3969
124.9234 122.0000 121.5000 121.5000 121.5000 121.7363 121.5000 122.0000 122.0000 121.6846 121.6846 121.6855 121.6281 121.6281 121.6368 121.6278 121.5839 121.5839 121.4805 121.2926 121.2926 121.2680 121.2896 121.2003 121.3409 121.3922 121.3825 121.3825 121.2966 121.4188 121.4188 121.5000 121.0000 121.3896 121.3896 121.3970 121.2047 121.2047 121.2130 121.1203 120.5072 120.5072 120.6539 121.0147 121.0147 120.7853 120.1532 118.1895 118.1107 117.9624 117.5000 121.1744 121.1823 121.1981 121.1981 121.1761 121.1306 120.9760 120.9760 120.6879 117.3088 117.3340 117.3639
124.8910 121.9155 121.7561 121.6428 121.6776 121.5000 121.5000 121.5000 121.0000 121.0000 121.0000 121.0000 121.0000 121.0000 121.0000 121.0000 121.0000 121.1248 121.1248 121.1119 121.0772 121.0706 121.2003 121.2003 121.2546 121.3009 121.3348 121.2539 121.2539 121.1675 121.1852 121.2026 121.0000 121.1729 121.3108 121.3108 121.2199 121.1291 121.0491 121.0000 121.0000 120.5409 120.5409 121.0252 121.0870 120.9588 120.4461 120.4461 118.2284 118.0000 117.9422 120.0291 120.0013 118.4581 119.8583 121.1654 121.0908 121.0221 120.4845 117.2293 117.2557 117.2919 117.3315
124.8587 121.9155 121.8929 121.8561 121.7394 121.7394 121.5840 121.3042 121.3042 121.5953 121.6315 121.0000 121.5171 121.5260 121.5193 121.5193 121.5120 121.0000 121.1248 121.0000 121.0000 121.0461 121.0461 121.1110 121.2066 121.2066 121.2624 121.2112 121.2539 121.1248 121.0381 121.0926 121.0926 121.1869 121.2246 121.3108 121.1337 121.0516 121.0000 121.0000 121.0000 120.5000 120.5409 121.0026 121.0384 121.0000 121.0000 120.5572 118.7000 118.1763 118.0579 118.0202 120.0169 118.5404 119.9517 121.0431 121.0431 120.8892 117.1376 117.1591 117.2025 117.2528 121.0000
124.8263 122.2661 121.9432 121.9432 121.8862 121.6876 121.6876 121.6148 121.5192 121.7659 121.6852 121.5386 121.5691 121.5691 121.5844 121.5752 121.5441 121.5130 121.5000 121.5000 121.5000 120.9837 121.0331 121.0331 121.0793 121.1342 121.1900 121.2458 121.1685 121.0053 121.0053 121.0580 121.1572 121.2545 121.2514 121.1757 121.0242 121.0242 121.0000 121.0000 121.0000 121.0544 120.5017 121.0000 121.0000 121.0000 120.6717 120.6717 118.2651 118.1790 118.0966 118.0565 120.0333 120.0452 120.0452 121.0951 120.9028 117.1661 117.0000 117.1011 117.1566 121.1554 121.0000
124.7940 122.9198 122.3369 121.9432 121.9725 121.8396 121.6876 121.7292 121.6058 121.7659 121.6079 121.5754 121.6000 121.5691 121.6000 121.5848 121.5441 121.5331 121.5020 121.5000 121.5000 121.3825 121.0000 121.0331 121.0365 121.0715 121.1900 121.1760 121.1455 121.0049 121.0053 121.0498 121.1398 121.2545 121.1640 121.1046 121.0000 121.0242 121.0000 121.0053 121.0000 121.0441 120.6773 120.7144 121.0000 120.6124 120.5307 120.6717 118.1482 118.1245 118.0887 120.6979 120.0427 120.1248 120.0452 121.0350 117.2801 117.1946 117.1231 117.0000 121.3239 121.2155 121.1301
124.7617 122.5254 122.6114 122.5106 122.0000 122.0000 121.9596 121.7128 121.7128 121.5895 121.6000 121.6588 121.6000 121.6000 121.5864 121.5864 121.5602 121.5064 121.5000 121.5000 121.5000 121.1706 121.1706 121.0000 121.0106 121.0106 121.0606 121.0971 121.0329 121.0623 121.0017 121.0831 121.0831 121.1138 121.0028 120.9998 121.0000 121.0000 120.9038 120.9038 120.9431 120.8152 120.6159 120.5000 120.4207 120.3319 118.0458 118.0667 118.0779 118.0746 118.0632 120.5819 120.7051 119.9295 120.7448 117.3789 117.3142 117.2487 117.1914 120.7710 121.0000 121.0469 121.0000
124.7293 122.5254 122.5000 122.6471 122.6397 122.0000 122.0000 121.9153 121.8012 121.7168 121.6588 121.6588 121.6432 121.6275 121.6119 121.5856 121.5553 121.5000 121.5000 121.5000 121.5000 121.4445 121.3135 121.3135 121.0000 121.0000 121.0114 121.0329 121.0329 121.0000 121.0000 121.0000 121.0264 121.0227 120.9998 120.9998 120.8644 120.9728 121.0000 120.8737 120.8737 120.6159 120.6159 120.0587 120.0111 120.0137 117.9850 118.0047 118.0203 118.0289 120.6049 120.6755 120.6924 120.1450 117.4580 117.4096 117.3583 117.3096 120.7710 120.7710 121.0000 121.0000 121.0000
124.6969 122.5000 122.7245 122.7245 122.6508 122.5000 122.0000 122.1707 121.9542 121.8018 121.8018 121.7954 121.7694 121.7694 121.7223 121.6546 121.5732 121.5732 121.5153 121.5016 121.5016 121.5216 121.5000 121.3135 121.0007 120.9203 121.0000 121.0000 121.0000 121.0000 121.0000 121.0000 121.0000 120.7385 120.7385 120.6714 120.7541 120.7541 120.9495 120.6212 120.5305 120.5305 120.5000 120.2782 117.8912 117.9014 117.9204 117.9439 120.6191 120.6359 120.7347 120.7347 118.0644 117.5176 117.4826 117.4439 117.4045 120.8522 120.8257 121.0000 121.0000 121.0000 120.9833
124.6646 122.2625 122.4903 122.5513 122.5573 122.2059 121.9667 122.2523 122.2523 122.0877 121.9239 121.9239 121.9176 121.8918 121.7863 121.7263 121.6856 121.5501 121.5501 121.5297 121.5470 121.6083 121.6103 121.5275 120.9432 120.9432 120.9830 120.9046 120.9046 121.0000 121.0000 120.9603 120.6116 120.5000 120.5000 120.5000 120.5000 120.5000 120.5000 120.5000 120.5000 120.4460 120.3977 117.8240 117.8188 117.8281 117.8512 120.6156 120.6150 120.6267 120.6399 117.5773 117.5590 117.5355 117.5080 117.4780 120.9252 121.0138 121.0053 121.0053 121.0000 120.9834 120.9331
124.6322 122.2625 122.5000 122.5000 122.5573 122.0217 122.0859 122.4232 122.2523 122.3720 121.9931 121.9239 121.9660 121.9397 121.7979 121.7979 121.7572 121.5849 121.5501 121.5536 121.5993 121.6083 121.7148 121.6328 120.9984 120.9432 121.0000 120.7017 120.9046 120.7992 120.9530 120.4760 120.4760 120.3360 120.4426 120.5000 120.5000 120.5000 120.5000 120.5000 120.5000 120.4591 117.7757 117.7488 117.7379 117.7459 120.6036 120.5976 120.6074 120.6193 120.3086 117.5839 117.5710 117.5988 117.5325 121.0000 121.0000 121.0578 121.0393 121.0053 121.0000 120.9488 120.9331
124.5999 122.3859 122.5000 122.5000 122.2812 122.2126 122.2126 122.3730 122.4776 122.0469 122.0469 122.0254 121.9793 121.9793 121.9143 121.8696 121.8004 121.7101 121.6197 121.6516 121.6516 121.7183 121.7285 121.7285 121.6166 121.5047 120.7862 120.7862 120.5000 120.7072 120.7072 120.8141 120.4263 120.2157 120.1679 120.3224 120.5000 120.5000 120.3504 120.5000 120.5000 120.5000 117.7045 117.6671 117.6522 117.6517 120.5860 120.5860 120.6029 120.1845 117.5944 117.5912 117.5830 121.0000 121.0000 121.0000 121.0000 121.0280 121.0231 121.0058 120.9431 120.9431 120.8683
124.5675 122.4800 122.5000 122.5000 122.2649 122.3684 122.2126 122.4915 122.3580 122.2821 122.0254 122.0982 122.1386 121.9793 121.9836 121.9256 121.8004 121.7449 121.6588 121.5849 121.6516 121.7921 121.7622 121.7285 121.6721 121.5816 121.1367 120.5000 121.2726 120.5000 120.7072 120.5000 120.4689 120.2157 120.0682 120.2817 120.4711 120.5000 120.2150 120.5341 120.5000 120.6802 117.6282 117.5693 117.5779 117.5000 117.5366 117.5622 117.5808 117.5928 117.5988 117.5993 120.9310 121.0000 121.0000 121.0000 121.0000 121.0280 121.0000 121.0000 121.0000 120.9431 120.9060
124.5352 122.5082 122.5000 122.5000 122.4631 122.4631 122.5000 122.3426 122.3426 122.2409 122.2420 122.2551 122.2551 122.3125 122.4459 122.4459 121.9256 121.7611 121.7611 121.7250 121.7988 121.8456 121.8456 121.7741 121.6065 121.6065 121.5217 121.5066 121.5001 121.5001 121.2583 121.0113 121.0113 120.4211 120.1701 120.0000 120.3623 120.3166 120.2039 120.2039 120.5118 120.5060 120.5060 117.3000 117.5000 117.5163 117.5403 117.5642 117.5836 117.5974 117.6055 119.7856 121.0358 121.0358 121.0271 121.0188 121.0188 121.0144 121.0185 121.0185 121.0000 121.0000 120.8738
124.5028 122.7629 122.6686 122.5555 122.5000 122.5000 122.5000 122.5000 122.4667 122.4061 122.3627 122.3627 122.4865 122.4865 122.5000 122.5000 122.5000 121.9453 121.8626 121.8056 121.8794 121.9075 121.7860 121.7860 121.7146 121.6314 121.5449 121.5304 121.5304 121.5000 121.5000 121.5575 121.5348 121.0467 120.0000 120.0000 120.0000 119.9802 120.0000 120.1124 120.1124 120.4847 120.5000 117.4813 117.5043 117.5301 117.5533 117.5745 121.4658 121.4783 121.3344 121.1001 121.1001 121.0767 121.0767 121.0699 121.0654 121.0609 121.0593 121.0482 121.0117 121.0000 120.9524
124.4705 122.9612 122.7272 122.7272 122.6522 122.5222 122.5000 122.5000 122.5000 122.4922 122.4922 122.5000 122.5600 122.4865 122.5000 122.5000 122.5000 122.5531 121.9653 121.9532 121.9532 121.9344 121.7979 121.7860 121.7265 121.6550 121.5607 121.5607 121.5453 121.5043 121.5000 121.5379 121.5365 121.5000 121.5000 121.1784 119.9047 119.9047 119.9685 121.0343 120.1124 120.2670 120.6969 120.0000 120.0000 120.3781 120.7073 120.9942 121.1634 121.4007 121.2875 121.2875 121.1443 121.1210 121.0767 121.1165 121.1120 121.0609 121.1016 121.0608 121.0000 121.0000 120.9701
124.4381 123.0000 122.9916 122.8778 122.7881 122.6769 122.6008 122.5000 122.5000 122.4518 122.3240 122.3240 122.4264 122.5205 122.5000 122.5000 122.5000 122.5000 122.5000 121.9934 121.9802 121.9527 121.8813 121.8098 121.6669 121.6669 121.5912 121.5553 121.5553 121.5344 121.5125 121.5035 121.5035 121.5000 121.5000 121.5000 121.1445 120.1784 121.4915 122.0000 121.9785 121.5000 121.5000 121.5000 121.5000 121.5000 121.4712 121.4006 121.3231 121.3231 121.3014 121.2406 121.2406 121.1725 121.1676 121.1382 121.1382 121.1196 121.0458 121.0458 121.0123 121.0000 120.9974
124.4058 123.0000 123.0000 123.0000 122.7881 122.7886 122.6756 122.5980 122.5000 122.5060 122.2607 122.3240 122.2901 122.4478 122.5000 122.5000 122.5000 122.3484 122.5000 122.5000 122.5000 121.9527 121.9013 121.8414 121.7172 121.6669 121.6266 121.5533 121.5553 121.5311 121.5089 121.5000 121.5035 121.5000 121.5000 121.5000 122.0000 122.2105 121.4915 121.4088 121.3577 121.3603 121.5000 121.3662 121.3729 121.5000 121.3357 121.2839 121.2393 121.3231 121.2171 121.1726 121.2406 121.1788 121.1748 121.1569 121.1382 121.1190 121.0213 121.0458 121.0000 121.0000 120.9974
