test/input_data/caersws/backup5220/caerswsmeanders3.asc
ncols         139
nrows         142
xllcorner     303085
yllcorner     285097
cellsize      10
NODATA_value  -9999
[rows 28 to 55 of 142, columns 0 to 62 of 139]
123.1278 123.1278 -9999.0000 -9999.0000 -9999.0000 -9999.0000 -9999.0000 -9999.0000 -9999.0000 -9999.0000 -9999.0000 -9999.0000 -9999.0000 -9999.0000 -9999.0000 -9999.0000 -9999.0000 -9999.0000 -9999.0000 -9999.0000 -9999.0000 -9999.0000 -9999.0000 -9999.0000 -9999.0000 -9999.0000 -9999.0000 -9999.0000 -9999.0000 -9999.0000 -9999.0000 -9999.0000 -9999.0000 -9999.0000 -9999.0000 -9999.0000 -9999.0000 -9999.0000 -9999.0000 -9999.0000 -9999.0000 -9999.0000 130.0259 130.0238 130.0216 130.0195 121.1362 120.6595 115.8820 116.3184 116.3299 119.4790 119.4790 119.7916 120.0000 120.0000 120.0000 119.7793 119.5000 119.5000 119.3401 119.5706 119.6835
123.0000 123.1278 123.0472 -9999.0000 -9999.0000 -9999.0000 -9999.0000 -9999.0000 -9999.0000 -9999.0000 -9999.0000 -9999.0000 -9999.0000 -9999.0000 -9999.0000 -9999.0000 -9999.0000 -9999.0000 -9999.0000 -9999.0000 -9999.0000 -9999.0000 -9999.0000 -9999.0000 -9999.0000 -9999.0000 -9999.0000 -9999.0000 -9999.0000 -9999.0000 -9999.0000 -9999.0000 -9999.0000 -9999.0000 -9999.0000 -9999.0000 -9999.0000 -9999.0000 -9999.0000 -9999.0000 -9999.0000 130.0307 130.0290 130.0272 130.0254 121.1250 120.6804 115.8472 116.3010 116.3145 118.5823 119.7358 119.4790 120.0000 120.0000 120.0000 119.8962 119.6220 119.5577 119.5000 119.7785 119.8315 119.6835
122.9537 123.0000 123.0000 123.0000 122.9992 122.5563 122.0115 122.3253 -9999.0000 -9999.0000 -9999.0000 -9999.0000 -9999.0000 -9999.0000 -9999.0000 -9999.0000 -9999.0000 -9999.0000 -9999.0000 -9999.0000 -9999.0000 -9999.0000 -9999.0000 -9999.0000 -9999.0000 -9999.0000 -9999.0000 -9999.0000 -9999.0000 -9999.0000 -9999.0000 -9999.0000 -9999.0000 -9999.0000 -9999.0000 -9999.0000 -9999.0000 -9999.0000 127.1090 127.5000 126.7545 127.3292 126.2966 123.2706 123.2706 121.5517 115.8134 116.2797 116.2989 118.5056 119.6500 119.6500 119.9458 120.0000 120.0000 119.8281 119.6727 119.8609 119.7666 120.0000 120.0318 120.0318 120.1824
123.0000 122.9969 122.9203 122.8181 122.7013 122.0115 122.0115 122.6447 123.7331 -9999.0000 -9999.0000 -9999.0000 -9999.0000 -9999.0000 -9999.0000 -9999.0000 -9999.0000 -9999.0000 -9999.0000 -9999.0000 -9999.0000 -9999.0000 -9999.0000 -9999.0000 -9999.0000 -9999.0000 -9999.0000 -9999.0000 -9999.0000 -9999.0000 -9999.0000 -9999.0000 -9999.0000 -9999.0000 -9999.0000 -9999.0000 -9999.0000 126.2345 126.5347 126.7545 126.7545 126.4105 125.5367 124.7566 121.8516 120.4669 115.7890 116.2787 118.1396 118.7930 119.5809 120.0000 120.0000 120.0000 120.0000 119.7878 119.5028 119.8609 119.9097 120.0000 120.0637 120.0000 120.2294
122.6221 122.6221 122.6885 122.6069 122.0586 122.0586 122.8167 124.7353 124.7353 125.2332 -9999.0000 -9999.0000 -9999.0000 -9999.0000 -9999.0000 -9999.0000 -9999.0000 -9999.0000 -9999.0000 -9999.0000 -9999.0000 -9999.0000 -9999.0000 -9999.0000 -9999.0000 -9999.0000 -9999.0000 -9999.0000 -9999.0000 -9999.0000 -9999.0000 -9999.0000 -9999.0000 -9999.0000 -9999.0000 -9999.0000 125.5068 125.6405 126.0165 126.0165 126.1704 125.4403 125.4403 123.2653 120.9656 115.7564 116.2294 116.2925 118.9671 118.9671 119.7141 120.0000 120.0000 119.9372 120.0000 119.9762 119.9762 119.5695 120.0534 120.0534 120.1412 120.0587 120.1099
122.5215 122.5604 122.5294 122.2394 122.0000 123.8755 123.8755 124.6223 124.9790 126.4184 -9999.0000 -9999.0000 -9999.0000 -9999.0000 -9999.0000 -9999.0000 -9999.0000 -9999.0000 -9999.0000 -9999.0000 -9999.0000 -9999.0000 -9999.0000 -9999.0000 -9999.0000 -9999.0000 -9999.0000 -9999.0000 -9999.0000 -9999.0000 -9999.0000 -9999.0000 -9999.0000 -9999.0000 -9999.0000 125.3230 125.4923 125.4923 125.5558 125.2478 125.2478 125.0806 124.3491 121.8446 120.2215 115.7289 116.2077 116.3585 118.5059 119.3103 119.7561 120.0000 120.0000 120.0000 120.0000 120.0000 120.0000 119.5000 120.0708 120.2035 120.2324 120.1462 120.0554
122.5000 122.5000 122.3008 122.3008 123.3500 124.8063 123.8755 125.9464 127.1335 128.1498 128.1498 128.3877 -9999.0000 -9999.0000 -9999.0000 -9999.0000 -9999.0000 -9999.0000 -9999.0000 -9999.0000 -9999.0000 -9999.0000 -9999.0000 -9999.0000 -9999.0000 -9999.0000 -9999.0000 -9999.0000 -9999.0000 -9999.0000 -9999.0000 -9999.0000 -9999.0000 -9999.0000 125.2408 125.0000 125.2196 125.4923 125.5000 121.8837 125.2478 121.1951 120.7784 119.6051 119.6051 115.7000 116.1000 116.8000 118.5241 119.5117 119.7561 120.0000 120.0000 120.0680 120.0000 120.0235 119.8193 119.5000 120.2362 120.3551 120.2528 120.2528 120.1218
122.0742 122.0742 122.3754 123.3431 124.7337 125.2431 126.1942 127.9058 127.9058 128.5074 129.6332 129.6332 129.6298 129.5603 -9999.0000 -9999.0000 -9999.0000 -9999.0000 -9999.0000 -9999.0000 -9999.0000 -9999.0000 -9999.0000 -9999.0000 -9999.0000 -9999.0000 -9999.0000 -9999.0000 -9999.0000 -9999.0000 -9999.0000 -9999.0000 -9999.0000 125.2085 125.0000 125.0000 125.0000 125.0000 121.3975 121.3975 120.4884 119.6021 119.6021 119.7414 120.0819 115.7207 116.2179 116.3706 119.5417 119.5417 120.0000 120.0418 120.0418 120.0000 120.1701 120.0064 120.0064 119.9896 120.4897 120.4897 120.4503 120.3213 120.2072
123.1200 122.0742 124.4483 124.7248 124.7337 126.4494 127.2063 128.8216 127.9058 129.4829 130.1568 129.6332 130.3644 130.0678 -9999.0000 -9999.0000 -9999.0000 -9999.0000 -9999.0000 -9999.0000 -9999.0000 -9999.0000 -9999.0000 -9999.0000 -9999.0000 -9999.0000 -9999.0000 -9999.0000 -9999.0000 -9999.0000 -9999.0000 -9999.0000 -9999.0000 125.0000 124.3186 125.0000 123.5204 122.4488 122.4835 120.4884 119.7579 119.7599 119.6021 119.9022 119.5000 118.8740 115.7461 116.3123 116.3480 119.5417 120.0000 120.0000 120.0418 120.0344 120.1236 120.1906 120.0064 119.7905 120.5000 120.4897 120.5000 120.4827 120.2072
123.7479 124.7392 125.9209 125.9209 126.7412 128.7155 129.0189 129.2266 129.5000 130.3079 130.3079 130.4900 130.5850 130.5850 130.2072 129.7418 -9999.0000 -9999.0000 -9999.0000 -9999.0000 -9999.0000 -9999.0000 -9999.0000 -9999.0000 -9999.0000 -9999.0000 -9999.0000 -9999.0000 126.2021 125.7698 125.7698 125.3653 125.0392 124.4296 124.4296 123.0471 119.5139 119.5139 119.9286 120.1531 120.1125 120.1125 120.0626 119.5000 119.5000 120.0000 118.1722 115.7739 116.3351 116.3536 120.0599 120.0599 119.3560 120.0495 120.0495 120.0000 120.0282 120.5000 120.5000 120.5000 120.4842 120.4842 120.3717
125.6165 125.6165 126.5988 127.1926 127.6804 129.0189 129.0189 129.5370 129.7413 130.2471 130.5462 130.5462 130.7742 130.7418 130.3399 129.8574 129.3781 -9999.0000 -9999.0000 -9999.0000 -9999.0000 -9999.0000 126.5941 126.5941 126.3386 126.3386 126.1946 125.6695 125.6695 125.3967 125.1999 124.5963 124.1597 123.3506 119.7211 119.7211 119.8029 119.9398 119.9981 120.0554 120.0554 120.0028 120.0028 119.8913 119.5000 120.0000 119.0000 118.7422 116.3388 116.3565 116.3716 117.5752 120.0975 119.9049 120.1793 120.1203 120.0247 119.9516 120.5000 120.5000 120.4924 120.4144 120.3062
126.7536 125.6165 127.5215 128.0891 129.0937 129.0937 129.5874 129.7741 129.7741 130.0000 130.5126 130.5462 130.7566 130.7465 129.8217 129.8217 128.9885 128.0914 -9999.0000 127.7008 127.3399 126.6456 126.6456 126.4105 126.0836 126.3386 125.9235 125.5000 125.6695 125.0877 123.9539 123.0658 123.0658 120.6589 120.0000 119.7211 119.9650 119.9746 120.0000 120.0000 120.0000 119.5648 120.0028 119.9312 119.7979 120.0000 119.0000 118.9235 118.5366 116.3663 116.3808 116.3947 117.5752 119.1238 120.3091 120.0178 120.0178 120.0634 120.4112 120.5000 120.3525 120.3201 120.1234
127.0200 128.0098 128.5039 128.5039 129.1358 129.7511 129.7511 129.6323 129.5000 129.5000 129.9359 129.9948 130.2866 130.2866 129.4956 129.2790 128.5839 128.1011 127.7710 127.1561 127.1561 126.7553 126.3030 126.3030 126.1246 126.0000 125.5268 125.5268 125.1530 123.3928 123.3928 122.3911 119.8574 119.9085 119.9127 120.0309 120.0000 120.0000 120.0000 120.0000 120.0000 120.0000 119.9208 120.1341 120.1341 120.0586 119.0000 119.0000 118.9160 118.7839 116.3939 116.4071 116.4201 120.1781 120.1781 120.1584 120.0000 120.1048 120.4483 120.2806 120.0715 120.0715 120.0930
127.7248 128.2815 129.0000 128.5039 129.2449 129.5039 129.7511 129.2271 129.1750 129.5000 129.2697 129.1207 129.2473 130.2866 129.0985 128.9167 128.5839 127.7276 127.3745 126.7333 127.1561 126.3975 126.1478 126.3030 125.9964 125.6141 125.6638 125.1530 123.0000 121.2530 123.3928 119.5137 120.0105 119.9085 120.0951 120.0000 120.0000 120.0000 120.0000 120.5000 120.0000 120.0000 120.5064 120.3224 120.1341 119.0949 119.1608 119.0000 119.0000 119.0000 116.4097 116.4219 116.4342 118.6761 120.1781 120.1316 120.0000 120.1048 120.3440 120.1734 120.0000 120.0715 120.0000
128.3684 128.1897 128.7867 128.7818 128.7014 128.7014 128.6353 128.9012 128.9012 128.7791 128.2892 127.5684 128.2635 128.2967 128.0000 128.0000 127.8143 126.7676 126.3457 126.5598 126.2036 125.7047 125.7047 125.7512 124.0076 124.0076 122.4947 122.4809 120.0370 120.0370 120.0297 120.1840 120.1840 120.2369 120.1192 120.2784 120.0069 120.1556 120.5000 120.5000 120.5000 120.5042 120.5042 120.5465 120.5019 119.5000 119.5000 119.2872 119.0267 119.0267 118.8876 116.4387 116.4502 116.4619 120.1707 119.4796 119.4796 120.1685 120.1995 120.2557 120.0771 120.0000 119.8511
128.1897 128.1897 128.1590 127.9355 127.9110 127.8448 127.8448 127.7425 127.8864 128.5355 127.5684 127.5684 127.9052 128.0000 127.6983 126.9469 126.7965 126.3457 126.3457 125.9055 125.4015 125.0781 122.6639 122.6639 121.9974 121.9371 121.9350 120.0000 120.0000 120.2491 120.2491 120.3308 120.3710 120.4098 120.2784 120.2784 120.3666 120.5000 120.5000 120.5000 120.5000 120.5000 120.5000 120.5000 120.3725 119.2917 119.3988 119.3988 119.2722 119.1671 119.0419 116.4569 116.4676 115.9353 120.1880 120.0659 119.5000 120.2399 120.2557 120.2557 120.1350 120.0143 119.8378
127.3847 127.7274 127.5562 127.5562 127.4888 127.2185 127.8448 126.9926 126.9215 126.8456 126.8456 127.1678 126.7334 126.7334 126.7008 126.5614 125.7237 125.7237 125.2694 124.6228 124.6228 122.4308 121.5680 122.6639 121.4759 121.5098 120.0000 120.0000 120.1150 120.4823 120.2491 120.5239 120.5404 120.5000 120.5000 120.5000 120.5000 120.5000 120.5000 120.5000 120.5000 120.5038 120.5000 119.6584 119.6584 119.5000 119.5000 119.3988 119.4242 119.2904 119.0378 116.4764 116.4861 115.9515 120.3268 120.1655 119.9393 120.4345 120.4345 120.3108 120.0478 120.0478 119.9858
126.5409 126.5409 126.7766 126.6684 126.7043 126.6545 126.5989 126.4945 126.4945 126.4786 126.6289 126.6289 126.5000 126.0471 125.9778 125.6211 125.0965 124.1116 124.1116 123.1131 121.7101 121.5868 121.4298 120.9868 120.1099 120.1099 120.0355 120.2951 120.2951 120.4325 120.5445 120.6168 120.6168 120.5450 120.5208 120.5208 120.5908 120.5000 120.5000 120.5000 120.5322 120.5529 120.5529 120.5144 119.5000 119.5223 119.5868 119.5824 119.2513 119.2513 119.0336 116.4967 116.5057 115.9683 120.4604 120.1983 120.0000 120.2519 120.3844 120.3844 120.2614 120.1409 120.0585
125.8510 126.5409 125.7828 125.9651 126.7043 125.8975 125.9809 126.2271 126.4945 126.3152 126.1967 126.6289 126.4119 125.5000 125.0589 125.0589 124.0766 122.6623 124.1116 121.5974 121.3853 121.5868 120.8724 120.3835 120.0734 120.1099 120.2189 120.4867 120.2951 120.5000 120.5433 120.6358 120.6168 120.5358 120.5000 120.5208 120.5000 120.5000 120.5000 120.5000 120.5230 120.5337 120.5529 120.5041 119.4197 119.5223 119.7609 119.6996 119.2914 119.2513 116.5099 116.5177 115.9785 120.5000 120.4770 120.0000 120.0000 120.1732 120.4629 120.3844 120.3546 120.2341 120.0585
125.2460 125.3830 125.6004 125.6004 125.6400 125.3547 125.3547 125.4480 125.1269 123.2169 123.2169 123.2848 123.0982 123.0982 122.7138 122.4673 122.6461 122.3162 121.4744 120.9988 120.9988 121.0000 120.0007 120.0007 120.1264 120.2626 120.5000 120.5000 120.5000 120.5225 120.5225 120.5306 120.5387 120.4200 120.4200 120.4699 120.5376 120.5376 120.5382 120.5000 120.5000 120.5000 120.5000 119.5219 119.5219 119.8544 119.7670 119.7670 119.5690 119.2471 116.5321 116.5393 115.9968 120.3203 120.3203 119.9017 119.9579 120.1985 120.4400 120.3919 120.3028 120.3028 120.1876
124.3672 123.5802 125.5000 125.6004 121.8562 121.6547 125.3547 122.0910 121.9988 124.3154 123.2848 121.7816 121.8896 123.0982 121.9588 121.7875 122.6461 121.3900 121.1184 121.2702 120.9988 120.0000 120.1966 120.0007 120.3262 120.4479 120.4009 120.5000 120.3079 120.5000 120.5225 120.5000 120.5000 120.4952 120.4699 120.4942 120.5091 120.5376 120.6083 120.5642 120.5000 120.5076 120.5000 120.4732 119.5219 119.9731 119.7772 119.7670 119.5761 116.5486 116.5546 116.0098 120.5000 120.2480 120.3203 120.0000 120.0715 120.1985 120.3518 120.3002 120.3394 120.3028 120.2336
121.9813 121.9813 121.6842 121.3841 120.7581 120.7581 120.4984 120.9237 120.9237 120.9705 121.2726 121.4232 121.4232 121.4299 121.3582 121.3582 121.2219 120.7955 120.7955 120.7034 120.3282 120.2602 120.2602 120.4137 120.5000 120.5000 120.3946 120.1821 120.3422 120.3422 120.5000 120.6323 120.6323 120.5889 120.6148 120.4942 120.6564 120.6760 120.6723 120.6723 120.6521 120.5563 120.5563 120.2685 119.6651 119.9502 119.9502 119.7359 116.5666 116.5717 116.5775 120.1185 120.5000 120.5000 120.2482 120.3645 120.3645 120.3579 120.3203 120.3203 120.3317 120.3431 120.1468
121.5742 121.3893 120.9678 120.8830 120.8207 120.4782 120.4782 120.5000 120.5955 120.6317 120.7730 120.7730 121.0290 121.0290 121.0000 121.0148 121.0645 120.3885 120.3644 120.3790 120.2050 120.0000 120.7245 120.7245 120.5000 120.4547 120.3718 120.2690 120.2690 120.4368 120.4368 120.6262 120.7336 120.6894 120.6869 120.7478 120.7452 120.7452 120.7472 120.7500 120.7500 120.7500 120.6833 120.1794 119.7348 120.0000 119.7009 116.5857 116.5901 116.5951 116.6005 119.5000 119.5000 120.5000 120.5000 120.5000 120.4781 120.4204 120.3813 120.3620 120.3518 120.3633 120.3332
121.2814 120.9666 120.6801 120.6801 120.6154 120.4822 120.4782 120.3413 120.5063 120.5170 120.5170 120.4347 120.3874 121.0290 120.2513 120.0000 121.0645 120.0000 120.0130 120.0373 120.0373 120.3687 120.6201 120.7245 120.5000 120.4187 120.2924 120.2924 120.3573 120.4801 120.4368 120.5868 120.7500 120.6894 120.7500 120.7500 120.7616 120.7452 120.7577 120.7500 120.7500 120.7500 120.7500 119.7970 119.7970 120.0000 116.6055 116.6093 116.6137 116.6185 120.0000 120.0000 119.5501 120.4840 120.5000 120.4282 120.5000 120.4204 120.4607 120.4360 120.3983 120.3983 120.3830
121.0000 121.0000 120.6100 120.1908 120.7484 121.3708 121.5319 121.6910 121.6910 121.4903 121.0608 121.0608 121.0786 121.1229 121.2095 121.2095 121.0000 120.7718 120.7718 120.7585 120.7742 121.0000 120.8201 120.5845 120.4085 120.4085 120.2323 120.4109 120.4109 120.4648 120.5000 120.7500 120.7500 120.7500 120.7610 120.7610 120.7719 120.7776 120.7644 120.7644 120.7560 120.7500 120.7500 120.2468 119.8481 116.6254 116.6289 116.6329 116.6373 116.6420 120.0000 119.5000 119.5000 120.5000 120.5000 120.5000 120.5000 120.5000 120.4931 120.4931 120.4401 120.3513 120.2719
120.5000 121.0000 121.1258 121.5314 120.7484 121.5179 121.6294 122.0000 121.6910 121.7617 121.2036 121.0608 121.2410 121.2892 121.2115 121.2095 121.1075 121.0330 120.7718 121.0000 121.0000 121.0000 120.6938 120.5760 120.0716 120.4085 120.0244 120.4494 120.4109 120.5000 120.4359 120.4832 120.7500 120.7500 120.7666 120.7610 120.7835 120.7935 120.7727 120.7560 120.7693 120.7526 120.7500 119.9258 116.6451 116.6485 116.6523 116.6564 116.6609 119.5881 120.0959 119.5000 119.5000 120.5000 120.5184 120.5000 120.5000 120.5000 120.3294 120.4931 120.2608 120.1656 120.2719
120.6603 121.1329 121.4464 121.4464 121.4635 121.9799 122.0000 122.0494 121.9667 121.4959 121.4959 121.3453 121.4529 121.4529 121.4709 121.4572 121.2436 121.2436 121.0469 120.9309 120.9309 121.0000 120.0472 119.8501 120.0000 120.0000 120.0486 120.0486 120.4989 120.2164 120.2164 119.9928 120.1705 120.7507 120.7507 120.7676 120.7925 120.7925 120.8222 120.8160 120.8098 120.8098 120.8036 116.6643 116.6677 116.6715 116.6755 119.1761 119.0000 119.4468 119.8832 119.8832 120.2938 120.7004 120.7004 120.5257 120.5000 120.3258 120.3258 120.1202 120.0129 120.0129 120.0000
121.3418 121.3418 121.4382 121.5000 121.5052 122.0000 122.0000 121.9379 121.7417 121.5082 121.4528 121.4528 121.4782 121.5000 121.5000 121.4973 121.5092 121.0530 121.0530 121.0000 120.8613 120.0000 119.8501 119.8501 120.0000 120.0000 120.0000 120.4693 120.4693 120.5000 120.3736 120.3100 120.5992 120.4858 120.7625 120.7625 120.7727 120.7800 120.7802 120.8714 120.8714 116.6794 116.6827 116.6863 116.6901 116.6943 119.1761 119.1761 119.4970 120.0000 120.0000 120.5088 120.5088 120.6719 120.6971 120.5193 120.5000 120.5000 120.2251 120.2251 120.1147 120.0466 120.0113
