test/input_data/boscastle/boscastle_input_data/boscastle_square_10m.asc
ncols        600
nrows        300
xllcorner    209000.000000000000
yllcorner    89000.000000000000
cellsize     10.000000000000
NODATA_value -9999
[rows 0 to 41 of 300, columns 285 to 379 of 600]
141 142 143 143 144 143 144 146 148 148 148 148 148 149 149 149 150 150 150 151 151 151 152 152 152 153 153 154 155 156 157 157 158 159 160 161 162 162 163 163 164 164 164 165 165 166 166 167 167 167 168 168 168 169 169 169 170 170 171 171 172 172 172 173 173 174 175 175 175 175 176 177 177 178 178 179 180 180 180 181 181 182 182 183 183 183 184 184 185 185 186 186 186 187 187
141 142 142 143 145 146 146 147 148 149 149 149 149 149 150 150 150 151 151 151 151 152 152 152 153 153 153 154 155 155 156 157 158 159 160 160 161 162 162 163 163 164 164 165 165 166 166 166 167 167 167 168 168 168 168 169 169 170 170 171 171 172 172 173 173 174 174 174 175 176 176 177 177 177 178 179 179 179 180 180 181 182 182 182 183 183 184 184 184 185 185 186 186 187 187
142 142 143 144 145 146 147 148 149 149 149 149 149 150 150 150 151 151 151 151 152 152 152 153 153 153 153 154 154 155 156 157 157 158 159 160 160 161 162 162 163 163 164 164 164 165 165 166 166 166 167 167 167 168 168 168 169 169 169 170 170 171 171 171 172 173 174 175 175 176 176 177 177 177 178 178 179 179 180 180 180 181 182 182 183 183 183 184 184 184 185 185 186 186 187
142 143 143 144 145 146 148 148 149 150 150 150 150 150 150 150 151 151 151 151 152 152 152 153 153 153 153 154 154 155 155 156 157 158 158 159 160 160 161 161 162 163 163 163 164 164 165 165 166 166 166 167 167 167 167 168 168 168 168 169 169 170 171 172 172 173 173 174 174 175 175 176 175 176 177 178 178 179 179 179 180 181 181 182 182 182 183 183 184 184 185 185 186 186 186
142 143 144 145 145 146 147 148 149 150 150 150 150 150 150 150 151 151 151 151 152 152 152 152 153 153 153 154 154 155 155 156 156 157 157 158 158 159 159 160 161 162 162 163 163 164 164 164 165 165 166 166 166 166 166 167 168 168 168 169 169 170 170 171 172 172 173 173 174 174 175 174 174 175 175 176 178 178 179 179 180 181 181 181 182 182 183 183 183 184 184 185 185 185 186
143 144 144 145 146 146 147 148 148 149 150 150 150 150 150 150 151 151 151 151 152 152 152 152 153 153 153 154 154 154 155 155 156 157 157 158 158 159 159 160 160 161 161 162 162 163 163 163 164 164 165 165 166 166 166 167 167 168 168 169 169 169 170 171 171 172 172 173 173 174 174 174 174 175 175 176 177 178 178 179 179 180 180 181 181 182 182 183 183 183 184 184 185 185 185
143 144 144 145 146 146 147 148 148 149 149 149 150 150 150 150 150 151 151 151 152 152 152 152 153 153 153 153 154 154 155 155 156 156 157 157 158 158 159 159 160 161 161 161 162 162 163 163 164 164 164 165 165 166 166 167 167 167 168 168 169 169 170 170 171 171 172 172 173 173 174 174 174 175 175 176 176 176 177 177 178 179 180 181 181 181 182 182 183 183 184 184 184 185 185
143 144 145 145 146 146 147 147 148 148 149 149 149 149 150 150 150 150 151 151 152 152 152 152 152 153 153 153 154 154 155 155 155 156 157 157 158 158 159 159 160 160 161 161 161 162 162 163 163 164 164 165 165 165 166 166 167 167 168 168 169 169 170 170 171 171 172 172 173 173 174 174 174 174 175 175 176 176 176 177 178 179 180 180 180 181 181 182 182 183 183 184 184 184 185
143 144 144 145 145 146 146 147 148 148 149 149 149 149 149 150 150 150 151 151 151 152 152 152 152 152 153 153 154 154 155 155 155 156 157 157 158 158 159 159 160 160 161 161 161 162 162 163 163 164 164 164 165 165 166 166 166 167 167 168 168 169 170 170 171 171 172 172 173 173 174 174 174 174 175 175 175 176 177 177 178 178 179 179 180 180 181 181 182 182 183 183 184 184 184
143 144 144 145 145 146 146 147 147 148 148 149 149 149 149 149 150 150 150 151 151 151 152 152 152 152 153 153 154 154 155 155 155 156 156 157 157 158 158 159 159 160 160 161 161 162 162 163 163 163 164 164 164 165 165 166 166 167 167 168 168 169 169 170 170 171 171 172 172 173 174 175 174 174 175 175 175 176 177 177 177 178 178 179 179 180 180 181 181 182 182 183 183 184 184
143 143 144 144 145 145 146 146 147 148 148 148 148 149 149 149 149 150 150 150 151 151 151 152 152 152 153 153 154 154 154 155 155 156 156 157 157 157 158 158 159 159 160 160 161 161 162 162 163 163 163 164 164 165 165 166 166 166 167 167 168 168 169 170 170 171 171 172 172 172 173 174 174 174 175 175 175 176 176 177 177 178 178 178 179 179 180 180 181 181 182 182 183 183 183
142 143 143 144 144 145 145 146 147 147 148 148 148 148 148 149 149 149 150 150 150 151 151 151 152 152 153 153 153 154 154 155 155 156 156 156 157 157 158 158 159 159 160 160 160 161 161 162 162 163 163 164 164 164 165 165 166 166 167 167 168 168 169 169 170 170 170 171 172 172 173 173 174 174 174 175 175 176 176 176 177 177 178 178 178 179 179 180 180 181 181 182 182 183 183
141 142 142 143 143 144 145 145 146 147 147 147 148 148 148 148 149 149 149 150 150 150 151 151 152 152 152 153 153 154 154 154 155 155 156 156 157 157 158 158 158 159 159 160 160 161 161 162 162 162 163 163 164 164 165 165 166 166 166 167 167 168 168 169 169 169 170 171 171 172 172 173 173 173 174 174 175 175 176 176 176 177 177 177 178 178 179 180 180 180 181 181 182 182 183
140 141 141 142 143 143 144 145 145 146 147 147 147 148 148 148 148 148 149 149 150 150 151 151 151 152 152 153 153 154 154 154 155 155 156 156 157 157 157 158 158 159 159 160 160 160 161 161 162 162 163 163 164 164 164 165 165 166 166 167 167 168 168 168 169 169 170 170 171 171 172 172 172 173 173 174 175 175 175 176 176 176 177 177 178 178 179 179 180 180 181 181 182 182 182
140 140 141 141 142 143 143 144 145 146 146 147 147 147 148 148 148 148 149 149 150 150 150 151 151 152 152 153 153 153 154 154 154 155 156 156 156 157 157 158 158 159 159 159 160 160 161 161 162 162 162 163 163 164 164 165 165 166 166 166 167 167 168 168 169 169 170 170 170 171 171 172 172 173 173 173 174 174 175 175 176 176 176 177 177 178 178 179 179 180 180 181 181 182 182
139 140 140 141 142 142 143 144 144 145 146 146 146 147 147 147 148 148 149 149 149 150 150 151 151 152 152 152 153 153 154 154 154 155 156 156 156 157 157 158 158 158 159 159 160 160 161 161 161 162 162 163 163 163 164 164 165 165 166 166 166 167 168 168 168 169 169 170 170 171 171 171 171 172 173 173 173 174 175 175 175 176 176 177 177 177 178 179 179 179 180 180 181 181 182
139 139 140 141 141 142 143 143 144 145 145 146 146 146 147 147 148 148 148 149 149 150 150 151 151 151 152 152 153 153 154 154 154 155 155 156 156 157 157 158 158 158 159 159 160 160 160 161 161 162 162 162 163 163 164 164 165 165 165 166 166 167 167 168 168 169 169 170 170 170 171 171 171 172 172 173 173 173 174 175 175 175 176 176 177 177 178 178 179 179 180 180 181 181 182
138 139 140 140 141 142 142 143 144 144 145 145 146 146 147 147 147 148 148 149 149 150 150 151 151 151 152 152 153 153 153 154 154 155 155 156 156 157 157 158 158 158 159 159 160 160 160 161 161 161 162 162 163 163 163 164 164 165 165 166 166 166 167 167 168 168 169 169 170 170 170 170 171 171 172 172 173 173 174 174 175 175 176 176 176 177 177 178 178 179 179 180 180 181 181
138 139 140 140 141 142 142 143 143 144 144 145 146 146 146 147 147 148 148 149 149 150 150 151 151 151 152 152 153 153 154 154 155 155 155 156 156 157 157 158 158 158 159 159 159 160 160 161 161 161 162 162 162 163 163 164 164 164 165 165 165 166 167 167 168 168 168 169 169 170 170 170 171 171 172 172 172 173 173 174 174 175 175 176 176 177 177 177 178 178 179 179 180 180 181
138 139 140 140 141 142 142 143 143 144 145 145 146 146 146 147 147 148 148 149 149 150 150 151 151 152 152 152 153 153 154 154 155 155 155 156 156 157 157 157 158 158 159 159 159 160 160 161 161 161 162 162 162 163 163 163 164 164 165 165 166 166 166 167 167 168 168 168 169 169 169 169 170 171 171 172 172 172 173 173 174 175 175 175 176 176 177 177 178 178 179 179 180 180 180
138 139 140 141 141 142 142 143 143 144 144 145 145 146 146 147 147 147 148 148 149 149 150 150 151 151 152 152 153 153 154 154 155 155 155 156 156 157 157 157 158 158 159 159 159 160 160 161 161 161 162 162 162 163 163 163 164 164 165 165 165 166 166 167 167 167 168 168 168 169 169 169 170 170 171 171 171 172 172 173 173 174 174 175 175 176 176 177 177 178 178 179 179 180 180
138 139 140 140 141 142 142 143 143 144 144 145 145 145 146 146 147 147 148 148 149 149 150 150 151 151 152 152 153 153 154 154 155 155 155 156 156 157 157 157 158 158 159 159 159 160 160 160 161 161 161 162 162 162 163 163 163 164 164 165 165 165 166 166 167 167 167 168 168 168 168 169 169 170 170 171 171 171 172 172 173 173 174 174 175 175 176 176 177 177 178 178 179 179 180
138 139 139 140 141 141 142 143 143 144 144 144 145 145 146 146 146 147 147 148 148 149 149 150 151 151 152 152 153 153 154 154 155 155 156 156 156 157 157 157 158 158 158 159 159 160 160 160 161 161 161 162 162 162 163 163 163 164 164 164 165 165 166 166 166 167 167 167 168 168 168 168 169 169 170 170 170 171 171 172 172 173 173 173 174 175 175 176 176 177 177 178 178 179 179
138 138 139 140 140 141 142 142 143 143 144 144 145 145 145 146 146 147 147 148 148 149 150 150 151 151 152 152 153 153 154 154 155 155 155 156 156 157 157 157 158 158 158 159 159 159 160 160 161 161 161 162 162 162 163 163 163 163 164 164 165 165 165 165 166 166 167 167 167 167 167 168 169 169 169 170 170 170 171 171 172 172 173 173 174 174 175 175 176 177 177 177 178 178 179
138 138 139 140 140 141 141 142 142 143 143 144 144 145 145 146 146 147 147 147 148 149 149 150 150 151 151 152 152 153 154 154 154 155 155 156 156 156 157 157 158 158 158 159 159 159 159 160 160 161 161 161 162 162 162 163 163 163 164 164 164 165 165 165 166 166 166 166 167 167 167 168 168 168 169 169 170 170 170 171 171 172 172 173 173 174 174 175 175 176 177 177 177 178 178
138 138 139 140 140 141 141 142 142 143 143 144 144 145 145 146 146 147 147 148 148 149 149 150 150 151 151 152 152 153 153 154 154 154 155 155 156 156 157 157 157 158 158 158 159 159 159 160 160 161 161 161 162 162 162 162 163 163 163 164 164 164 164 165 165 165 166 166 166 166 167 167 168 168 168 169 169 170 170 170 171 171 172 172 173 173 174 174 175 176 176 177 177 177 178
138 138 139 140 140 141 141 141 142 142 143 143 144 144 145 145 146 147 147 147 148 149 149 150 150 151 151 152 152 153 153 153 154 154 154 155 155 156 156 156 157 157 158 158 158 159 159 159 160 160 161 161 161 162 162 162 163 163 163 164 164 164 164 164 165 165 165 166 166 166 166 167 167 168 168 168 169 169 170 170 171 171 172 172 173 173 174 174 175 175 176 176 177 177 177
138 139 139 139 140 141 141 142 142 142 143 143 144 144 144 145 146 146 147 147 148 148 149 150 150 151 151 152 152 152 153 153 154 154 154 155 155 155 156 156 157 157 157 158 158 158 159 159 160 160 161 161 161 161 162 162 162 162 163 163 163 164 164 164 164 165 165 165 165 165 166 167 167 167 168 168 169 169 170 170 170 171 171 172 172 173 173 174 174 175 175 176 176 177 177
138 139 139 140 140 140 141 142 142 142 143 143 143 144 145 145 146 146 147 147 147 148 149 149 150 150 151 151 151 152 152 153 153 153 154 154 154 155 155 156 156 157 157 157 158 158 159 159 160 160 160 161 161 161 161 162 162 162 162 163 163 163 164 164 164 164 164 165 165 165 166 166 167 167 167 168 168 169 169 170 170 170 171 172 172 173 173 173 174 174 175 175 176 176 177
139 139 139 140 140 140 141 142 142 142 143 143 143 144 145 145 146 146 146 147 147 148 148 149 149 150 150 150 151 151 152 152 152 153 153 153 154 154 155 155 156 156 157 157 158 158 158 159 159 160 160 160 161 161 161 161 161 162 162 162 163 163 163 163 163 164 164 164 164 165 165 166 167 167 167 168 168 169 169 169 170 170 171 171 172 172 173 173 174 174 174 175 175 176 176
139 139 140 140 140 141 141 141 142 142 142 143 144 144 145 145 146 146 146 147 147 147 148 148 149 149 149 150 150 151 151 152 152 152 152 152 153 153 154 154 155 156 156 157 157 158 158 159 159 159 160 160 160 160 161 161 161 161 162 162 162 162 163 163 163 163 163 164 164 165 165 166 166 166 167 167 168 168 169 169 169 170 170 171 171 172 172 173 173 173 174 174 175 175 176
139 139 140 140 140 141 141 141 142 142 143 143 144 144 145 145 146 146 146 147 147 147 147 148 148 149 149 150 150 150 151 151 151 152 152 152 152 153 153 154 154 155 156 156 157 157 158 158 159 159 159 159 160 160 160 161 161 161 161 161 161 161 162 162 162 162 163 163 164 164 165 165 166 166 166 167 167 168 168 169 169 169 170 170 171 171 172 172 173 173 173 174 174 175 175
139 140 140 140 140 141 141 142 142 142 143 143 144 144 145 145 146 146 146 147 147 147 147 148 148 148 149 149 150 150 151 151 151 151 151 151 152 152 153 153 154 155 155 156 157 157 158 158 158 159 159 159 160 160 160 160 160 161 161 161 161 161 161 161 162 162 163 163 163 164 164 165 165 166 166 167 167 167 168 168 169 169 169 170 170 171 171 172 172 173 173 174 174 174 175
139 140 140 140 141 141 141 142 142 143 143 144 144 144 145 145 146 146 146 147 147 147 147 148 148 148 149 149 149 149 150 150 150 151 151 151 151 152 152 153 153 154 155 156 156 157 157 158 158 159 159 159 159 159 160 160 160 160 160 160 160 160 160 161 161 161 162 162 163 163 164 164 165 165 166 166 167 167 168 168 168 169 169 169 170 170 171 171 172 172 173 173 173 174 174
139 140 140 140 141 141 142 142 142 143 143 144 144 144 145 145 146 146 146 147 147 147 147 148 148 148 148 149 149 149 149 150 150 150 150 150 150 151 152 152 153 154 154 155 156 157 157 157 158 158 158 159 159 159 159 159 160 160 160 160 160 160 160 159 159 160 161 161 162 162 163 164 164 165 165 166 166 167 167 168 168 168 169 169 170 170 170 171 171 172 172 173 173 173 174
140 140 140 141 141 141 142 142 143 143 143 144 144 144 145 145 146 146 146 147 147 147 147 147 148 148 148 148 148 149 149 149 149 149 149 150 150 150 151 152 152 153 154 155 155 156 157 157 158 158 158 158 159 159 159 159 159 159 159 159 159 159 159 159 159 159 159 161 161 161 162 163 164 164 165 165 166 166 167 167 168 168 168 169 169 170 170 170 171 171 172 172 172 173 173
140 140 140 141 141 141 142 142 143 143 143 144 144 145 145 145 146 146 146 147 147 147 147 147 148 148 148 148 148 148 148 148 149 149 149 149 149 150 150 151 152 153 154 154 155 156 156 157 157 157 158 158 158 158 158 159 158 158 158 158 158 158 158 157 158 158 159 159 160 161 161 162 163 164 164 165 165 166 166 167 167 168 168 168 169 169 169 170 170 171 171 172 172 172 173
140 140 141 141 141 142 142 142 143 143 144 144 144 145 145 145 146 146 146 147 147 147 147 147 147 148 148 148 148 148 148 148 148 148 148 148 149 149 150 151 152 152 153 154 155 155 156 156 157 157 157 158 158 158 158 158 158 158 157 157 157 157 156 157 157 157 157 158 159 160 161 162 163 163 164 164 165 165 166 166 167 167 168 168 168 169 169 169 170 170 171 171 171 172 172
140 140 141 141 141 142 142 143 143 143 144 144 144 145 145 146 146 146 146 147 147 147 147 147 147 147 147 147 147 147 147 147 147 147 147 147 148 148 149 150 151 152 153 154 154 155 156 156 156 157 157 157 157 157 157 157 157 157 156 156 155 155 155 155 155 156 156 158 159 160 161 161 162 163 163 164 164 165 165 166 166 167 167 167 168 168 169 169 169 170 170 170 171 171 172
141 141 141 141 141 142 142 143 143 144 144 144 145 145 145 146 146 146 146 147 147 147 147 147 147 147 147 147 147 147 147 146 146 146 146 147 147 148 148 149 150 151 152 153 154 155 155 156 156 156 156 157 157 157 156 156 156 156 155 155 154 153 153 153 154 154 156 157 158 159 160 161 161 162 163 163 163 164 165 165 166 166 167 167 168 168 168 169 169 170 170 170 171 171 171
141 141 141 141 142 142 143 143 144 144 144 145 145 145 146 146 146 146 146 147 147 147 147 147 147 147 147 147 147 146 146 146 145 145 145 146 146 147 148 149 150 151 152 153 153 154 154 155 155 156 156 156 156 156 156 155 154 154 153 153 152 151 151 151 152 153 155 156 158 159 159 160 161 162 162 163 163 163 164 164 165 165 166 166 167 167 168 168 169 169 169 170 170 171 171
141 141 142 142 142 143 143 144 144 145 145 145 146 146 146 146 146 146 147 147 147 147 147 147 147 147 147 147 146 146 145 145 144 144 144 145 145 146 147 148 149 150 151 152 153 153 154 154 155 155 155 155 155 155 154 154 153 151 151 147 148 149 149 149 151 153 154 156 158 158 158 159 160 161 161 162 162 162 163 164 164 165 165 166 166 167 167 168 168 169 169 169 170 170 171
