test/input_data/boscastle/boscastle_input_data/boscastle_square_500cm.asc
ncols        1200
nrows        600
xllcorner    209000.000000000000
yllcorner    89000.000000000000
cellsize     5.000000000000
NODATA_value -9999
[rows 168 to 209 of 600, columns 1045 to 1139 of 1200]
135 135 136 137 138 140 141 142 143 144 144 145 145 146 147 148 149 149 149 150 150 150 151 152 152 153 154 156 157 157 158 158 159 159 160 161 161 162 163 164 165 165 166 167 167 168 168 169 169 170 170 171 171 172 172 173 173 174 174 175 175 176 176 177 177 177 178 178 178 179 179 179 179 180 180 181 181 182 181 182 182 183 183 184 184 186 187 188 189 190 191 192 193 195 195
136 138 139 140 140 143 143 144 145 145 146 147 147 149 149 150 150 151 151 152 152 153 153 154 155 156 157 158 158 158 159 159 160 160 161 162 163 164 164 165 166 166 167 167 168 169 169 169 170 170 171 171 172 172 173 173 174 174 175 175 176 176 176 177 177 178 178 178 178 179 179 179 179 180 181 182 182 182 182 182 182 183 183 184 185 187 187 188 189 190 191 193 193 195 196
138 141 142 142 142 145 146 147 147 148 148 149 150 151 152 152 153 153 154 154 155 155 156 156 157 158 158 159 159 160 160 161 162 162 163 164 164 165 166 167 167 168 168 169 169 169 170 170 171 171 171 172 172 173 173 174 174 175 175 176 176 176 177 177 177 178 178 178 178 179 179 179 180 182 182 182 182 182 183 183 183 183 184 185 186 187 188 189 190 191 192 194 194 196 197
138 140 142 142 142 147 148 148 149 149 150 151 152 152 153 153 154 154 154 155 156 156 157 157 158 159 159 160 160 161 161 162 163 163 164 165 165 166 167 167 168 168 169 169 169 170 170 171 171 171 172 172 172 173 173 174 174 175 175 176 176 176 177 177 178 178 178 178 178 179 179 179 180 182 182 182 182 182 183 183 183 184 184 186 186 188 188 189 190 191 192 194 195 196 197
138 139 141 142 143 145 148 150 150 151 151 152 153 154 154 155 155 156 156 157 157 158 158 159 159 160 161 161 162 163 163 164 164 165 166 166 167 167 167 168 168 169 169 170 170 170 171 171 172 172 172 173 173 174 174 175 175 175 176 176 176 177 177 178 178 178 178 178 179 179 179 180 180 182 182 182 182 183 183 183 184 184 185 187 187 188 189 190 190 192 193 195 195 196 197
138 139 140 142 143 144 146 149 150 150 151 153 154 155 155 156 157 157 158 158 159 159 160 160 161 161 162 162 163 163 164 164 165 166 166 167 167 168 168 169 169 170 170 170 171 171 171 172 172 173 173 173 174 174 174 175 175 176 176 176 177 177 177 178 178 178 177 179 179 179 179 180 180 182 182 182 182 183 183 183 184 185 186 187 187 189 189 190 191 192 194 195 196 197 197
138 139 140 141 142 144 145 147 149 150 151 153 155 156 157 158 158 159 159 160 160 161 161 162 162 163 163 164 165 165 166 166 167 167 168 168 169 169 169 170 170 170 170 171 171 171 172 172 173 173 173 174 174 175 175 175 176 176 176 177 177 177 178 178 178 178 179 179 179 179 179 180 181 182 182 182 182 183 183 183 185 186 187 187 188 189 190 191 191 193 194 195 196 197 198
138 139 140 141 142 144 145 147 148 150 151 153 155 157 157 159 159 159 160 161 161 162 162 163 163 164 164 165 165 166 166 167 167 168 168 169 169 169 170 170 170 171 171 171 171 172 172 173 173 173 174 174 175 175 175 176 176 176 176 177 177 177 178 178 178 178 179 179 179 179 180 180 181 182 182 182 182 183 183 185 185 187 187 188 189 190 190 191 191 193 195 196 196 197 198
138 139 140 141 142 144 145 146 147 149 151 153 155 157 158 159 160 161 161 162 163 163 164 164 165 165 166 166 166 167 167 168 168 169 169 169 170 170 170 171 171 171 171 172 172 172 173 173 173 174 174 175 175 175 176 176 176 177 177 177 177 178 178 178 179 179 180 179 179 180 180 181 182 182 182 182 183 183 185 185 186 187 188 188 190 190 191 192 192 194 195 196 197 198 199
138 139 140 141 142 144 145 146 147 149 151 153 155 157 158 160 160 161 162 163 163 164 164 165 165 166 166 167 167 167 168 168 169 169 169 170 170 170 171 171 171 171 172 172 172 173 173 173 174 174 174 175 175 175 176 176 176 177 177 177 177 178 178 178 179 179 180 179 180 180 180 181 182 182 182 183 182 183 185 185 187 188 188 189 190 190 191 192 193 195 195 196 197 198 199
137 139 140 141 142 144 145 146 147 149 151 153 155 157 158 160 161 162 163 163 164 165 165 166 166 167 167 167 168 168 168 169 169 170 170 170 170 171 171 171 172 172 172 172 173 173 173 174 174 174 175 175 175 176 176 176 177 177 177 178 178 178 178 179 179 180 180 180 180 180 181 181 182 182 183 183 183 184 185 186 187 188 189 189 190 191 191 192 193 195 196 197 197 198 199
136 139 140 141 142 144 145 146 148 149 151 153 155 157 158 160 161 162 163 164 164 165 165 166 166 167 167 168 168 169 169 169 170 170 170 171 171 171 171 172 172 172 172 173 173 173 174 174 174 175 175 175 176 176 176 177 177 177 177 178 178 178 179 179 179 180 181 180 180 181 181 182 182 183 183 183 184 184 186 186 187 188 189 189 191 191 192 193 194 195 196 197 198 199 199
134 137 139 142 142 144 145 147 148 149 150 154 155 157 158 160 161 163 163 164 165 165 166 166 167 167 168 168 168 169 169 170 170 170 171 171 171 171 172 172 172 173 173 173 173 174 174 174 175 175 175 176 176 176 176 177 177 177 178 178 178 179 179 179 179 180 180 181 181 182 182 182 183 183 184 184 184 185 186 186 187 188 189 190 191 191 192 193 195 195 196 197 198 199 199
134 136 139 142 142 144 145 147 148 149 151 153 155 157 158 160 161 163 164 164 165 166 166 167 167 168 168 169 169 169 170 170 170 171 171 171 171 172 172 172 173 173 173 173 174 174 174 174 175 175 175 176 176 176 177 177 177 178 178 178 179 179 179 179 180 180 180 181 181 181 182 182 183 183 184 184 185 185 186 187 187 188 189 190 191 191 193 194 195 196 196 197 198 199 200
134 135 138 142 143 144 145 147 147 150 152 153 155 157 159 160 162 163 164 165 165 166 167 167 168 168 168 169 169 170 170 171 171 171 171 172 172 172 173 173 173 173 174 174 174 174 175 175 175 175 176 176 176 177 177 177 177 178 178 179 179 179 180 180 180 180 181 181 181 182 182 183 183 183 184 184 185 186 186 188 188 188 189 190 190 192 193 195 195 196 196 197 198 199 200
134 135 137 142 143 144 145 147 148 150 151 153 155 157 159 161 162 163 164 165 165 166 167 168 168 168 169 169 170 170 170 171 171 171 172 172 172 173 173 173 173 174 174 174 174 175 175 175 175 175 176 176 176 177 177 177 178 178 178 179 179 180 180 180 180 180 181 181 181 182 182 183 183 184 184 184 185 186 187 188 188 189 189 190 190 192 193 195 195 196 196 197 198 199 200
134 134 136 141 143 144 145 147 148 150 152 154 155 157 159 161 162 163 164 165 166 167 167 168 168 169 169 170 170 170 171 171 171 172 172 173 173 173 173 174 174 174 174 174 175 175 175 175 176 176 176 177 177 177 177 178 178 178 179 179 179 180 180 181 181 181 181 181 182 182 182 183 184 184 184 185 186 187 188 188 188 189 190 191 192 192 193 195 195 196 197 198 198 199 200
135 134 135 140 143 144 145 147 148 150 152 154 155 158 159 161 162 163 164 165 166 167 168 168 169 169 170 170 170 171 171 171 172 172 172 173 173 173 173 174 174 174 174 175 175 175 175 175 176 176 176 177 177 177 178 178 178 179 179 179 180 180 180 181 181 181 181 181 182 182 183 183 184 184 184 184 185 187 188 188 188 190 191 191 192 193 193 194 195 196 197 198 199 200 200
135 134 135 139 142 145 145 147 148 150 152 154 156 158 159 161 162 164 164 165 166 167 168 168 169 169 170 170 171 171 171 172 172 172 173 173 173 174 174 174 174 174 175 175 175 175 175 176 176 176 177 177 177 178 178 178 179 179 179 180 180 180 181 181 181 182 182 182 182 183 183 184 184 184 184 185 186 187 188 188 188 190 191 192 192 193 193 194 194 196 197 198 199 200 201
135 135 135 139 142 145 145 147 149 151 152 154 156 158 160 161 162 164 164 165 166 167 168 168 169 169 170 170 171 171 171 172 172 173 173 173 173 174 174 174 174 175 175 175 175 176 176 176 176 177 177 177 178 178 178 179 179 179 179 180 180 181 181 181 182 182 182 183 183 183 183 184 184 185 185 186 186 187 188 188 188 190 191 192 192 194 194 194 194 196 198 199 199 200 201
135 135 135 138 141 144 146 147 149 151 152 155 156 159 160 162 163 164 164 166 166 167 168 168 169 169 170 171 171 171 172 172 172 173 173 173 174 174 174 174 175 175 175 175 176 176 176 176 176 177 177 178 178 178 179 179 179 180 180 180 180 181 181 182 182 182 183 183 183 184 184 184 185 186 186 186 187 187 188 188 189 191 191 192 193 194 195 195 195 197 198 199 200 201 202
135 135 136 138 140 143 145 147 149 151 152 155 156 159 160 162 163 164 165 166 167 168 168 168 169 170 170 171 171 171 172 172 172 173 173 174 174 174 174 175 175 175 175 176 176 176 176 176 177 177 177 178 178 178 179 179 179 180 180 181 181 181 181 182 182 183 183 183 184 184 184 185 186 186 186 186 187 187 188 189 190 191 192 193 193 194 196 195 196 197 199 200 200 201 202
135 135 136 138 140 144 146 147 149 151 153 155 157 159 160 162 163 164 165 166 167 168 168 169 169 170 170 171 171 172 172 172 173 173 173 174 174 174 175 175 175 175 176 176 176 176 177 177 177 178 178 178 178 179 179 179 180 180 180 181 181 182 182 182 183 183 183 184 184 185 185 185 186 186 186 187 187 188 189 190 190 192 192 193 194 195 196 196 196 197 199 200 201 202 203
135 136 136 138 140 144 146 148 149 151 153 155 157 159 160 162 163 164 165 166 167 168 168 169 169 170 170 171 171 172 172 172 173 173 173 174 174 174 175 175 175 175 176 176 176 176 177 177 177 178 178 178 179 179 179 180 180 180 181 181 181 182 182 183 183 183 183 184 184 185 185 186 186 186 187 187 188 188 189 190 191 192 192 194 194 195 196 197 197 198 199 201 202 203 203
135 136 137 139 141 143 145 148 149 151 153 155 157 159 160 162 163 164 165 166 167 167 168 169 169 170 170 171 171 172 172 173 173 173 174 174 174 175 175 175 175 176 176 176 176 177 177 177 178 178 178 179 179 179 180 180 180 181 181 181 182 182 182 183 183 184 184 184 185 185 186 186 186 187 187 188 188 189 190 191 191 192 193 194 195 196 196 198 198 198 199 202 202 203 204
136 137 137 139 140 143 145 148 149 151 153 155 157 159 161 162 163 164 165 166 167 167 168 169 169 170 170 171 171 172 172 173 173 173 174 174 174 175 175 175 176 176 176 176 176 177 177 178 178 178 179 179 179 180 180 180 181 181 181 182 182 182 183 183 183 184 184 185 185 185 186 186 187 187 187 188 189 190 190 191 192 193 193 194 195 196 197 198 199 199 199 202 203 203 204
136 138 138 139 140 143 145 148 149 151 153 155 157 159 161 162 163 165 165 166 167 168 168 169 169 170 170 171 172 172 172 173 173 174 174 174 175 175 175 176 176 176 176 177 177 177 178 178 178 179 179 179 180 180 180 181 181 181 182 182 182 183 183 183 184 184 184 185 185 186 186 187 187 188 188 189 189 190 191 192 192 193 194 195 196 197 197 198 199 200 200 202 203 204 205
136 138 138 139 141 143 145 148 149 151 153 155 157 159 161 162 163 165 165 166 167 168 168 169 169 170 171 171 172 172 172 173 173 174 174 175 175 175 176 176 176 176 177 177 177 177 178 178 178 179 179 179 180 180 180 181 181 182 182 182 183 183 183 184 184 184 185 185 186 186 186 187 187 188 188 189 189 190 191 192 193 194 194 195 196 197 198 199 199 200 201 202 203 204 205
137 138 139 140 141 143 145 148 149 151 153 155 157 159 161 162 163 165 165 166 167 168 168 169 170 170 171 171 172 172 173 173 174 174 174 175 175 176 176 176 176 177 177 177 177 178 178 178 179 179 179 180 180 181 181 181 181 182 182 183 183 183 184 184 184 185 185 186 186 186 187 187 188 188 189 189 190 191 191 192 193 194 195 196 197 198 198 199 200 202 201 202 203 205 205
138 139 139 140 141 143 145 148 149 151 153 155 157 159 161 162 163 165 166 167 167 168 168 169 170 170 171 172 172 173 173 173 174 174 174 175 175 176 176 176 177 177 177 177 178 178 178 179 179 179 180 180 180 181 181 181 182 182 182 183 183 184 184 184 185 185 185 186 186 187 187 188 188 188 189 190 190 191 192 193 194 195 195 196 197 198 199 200 200 202 202 203 204 205 206
138 139 140 141 142 143 145 147 149 151 153 155 157 159 160 162 163 165 166 167 167 168 168 169 170 171 171 172 172 173 173 174 174 174 175 175 176 176 176 177 177 177 177 178 178 178 179 179 179 180 180 180 181 181 181 182 182 183 183 183 183 184 184 185 185 185 186 186 187 187 187 188 188 189 190 190 191 192 192 193 194 195 196 197 197 199 199 200 201 202 203 203 204 205 206
138 139 140 141 142 143 145 147 150 151 153 155 156 159 160 162 163 165 166 167 167 168 168 169 170 171 171 172 172 173 173 174 174 175 175 175 176 176 176 177 177 177 177 178 178 179 179 179 180 180 180 181 181 181 182 182 182 183 183 183 184 184 184 185 185 186 186 187 187 187 188 188 189 189 190 191 191 192 193 194 194 195 196 197 198 199 200 201 201 203 204 204 204 206 206
138 138 139 141 142 143 145 147 150 151 152 154 156 158 160 162 163 164 165 167 167 168 169 169 170 171 171 172 172 173 173 174 174 175 175 176 176 176 177 177 177 178 178 178 178 179 179 180 180 180 181 181 181 182 182 182 183 183 183 184 184 184 185 185 185 186 186 187 187 188 188 189 189 190 190 191 192 193 193 194 195 196 197 198 198 199 200 201 202 204 204 205 205 206 207
139 138 138 140 142 143 145 147 149 151 152 154 156 158 159 161 163 164 165 167 167 168 169 169 170 171 171 172 173 173 174 174 175 175 175 176 176 176 177 177 177 178 178 178 179 179 179 180 180 181 181 181 181 182 182 183 183 183 184 184 184 185 185 185 186 186 187 187 187 188 188 189 190 190 191 192 192 193 194 195 195 196 197 198 199 200 200 201 202 204 204 205 205 206 206
140 138 138 138 141 143 145 147 149 151 152 154 155 157 159 161 162 164 165 166 167 168 169 170 170 171 172 172 173 173 174 174 175 175 176 176 176 177 177 177 178 178 178 179 179 179 180 180 180 181 181 181 182 182 183 183 183 184 184 184 185 185 185 186 186 187 187 187 188 188 189 190 190 191 191 192 193 194 194 195 196 197 197 198 199 200 201 202 203 204 204 205 206 207 207
141 140 140 138 139 143 145 146 148 151 152 154 155 157 158 160 162 164 165 166 167 168 169 169 170 171 172 172 173 173 174 174 175 175 176 176 177 177 177 177 178 178 179 179 179 180 180 180 181 181 181 182 182 182 183 183 184 184 184 185 185 185 186 186 186 187 187 188 188 189 189 190 190 191 192 192 193 194 194 195 196 197 198 199 199 200 201 202 203 204 204 205 206 207 207
142 141 141 140 139 141 143 146 147 150 152 154 155 157 158 160 161 163 164 166 167 168 169 170 170 171 172 172 173 174 174 175 175 176 176 177 177 177 177 178 178 178 179 179 179 180 180 181 181 181 182 182 182 183 183 184 184 184 184 185 185 186 186 186 187 187 188 188 188 189 190 190 191 192 192 193 194 195 195 196 197 197 198 199 200 201 202 203 204 204 205 206 207 207 208
143 142 142 141 140 140 142 145 146 149 151 154 155 156 158 159 161 163 164 165 167 168 169 170 170 171 172 172 173 174 174 175 175 176 176 177 177 177 178 178 178 179 179 179 180 180 180 181 181 182 182 182 183 183 183 184 184 184 185 185 185 186 186 187 187 188 188 188 189 190 190 191 191 192 193 193 194 195 195 196 197 198 198 199 200 201 202 203 204 205 205 206 207 208 208
145 144 143 142 141 140 140 143 145 147 150 153 155 156 157 159 160 162 163 165 166 167 168 169 170 171 172 173 173 174 174 175 175 176 176 177 177 177 178 178 178 179 179 180 180 180 181 181 181 182 182 183 183 183 184 184 184 185 185 185 186 186 187 187 188 188 188 189 189 190 191 191 192 193 193 194 195 195 196 197 197 198 199 200 201 202 202 204 205 205 206 207 208 208 209
146 144 143 142 142 140 140 142 144 147 149 152 155 156 157 158 160 161 163 164 166 167 168 169 170 171 172 173 173 174 174 175 175 176 176 177 177 178 178 178 178 179 179 180 180 180 181 181 182 182 182 183 183 184 184 184 185 185 185 186 186 186 187 187 188 188 189 189 190 190 191 192 192 193 193 194 195 196 196 197 198 199 199 200 201 202 203 204 205 206 206 207 208 209 209
148 146 145 143 143 141 141 141 143 145 148 151 153 156 156 158 159 161 162 164 165 166 167 169 170 171 172 172 173 174 174 175 175 176 176 177 177 178 178 178 178 179 179 180 180 181 181 182 182 182 183 183 183 184 184 185 185 185 186 186 186 187 187 188 188 189 189 190 190 191 191 192 193 193 194 195 195 196 197 198 198 199 200 201 202 203 203 205 205 206 207 208 209 209 210
149 148 147 145 144 141 141 141 142 145 147 150 152 155 156 157 158 160 161 163 164 166 167 169 169 171 172 172 173 174 174 175 175 176 176 177 177 178 178 178 179 179 180 180 180 181 181 182 182 183 183 183 184 184 184 185 185 186 186 186 187 187 188 188 189 189 189 190 191 191 192 192 193 194 194 195 196 197 197 198 199 200 200 201 202 203 204 205 206 207 207 208 209 210 210
