test/input_data/boscastle/boscastle_input_data/boscastle_square_10m.asc
ncols        600
nrows        300
xllcorner    209000.000000000000
yllcorner    89000.000000000000
cellsize     10.000000000000
NODATA_value -9999
[rows 42 to 83 of 300, columns 0 to 94 of 600]
0 0 0 0 0 0 0 0 0 0 0 0 0 0 0 0 0 0 0 0 0 0 0 0 0 0 0 0 0 2 17 23 24 26 27 28 27 26 25 21 18 15 14 14 14 15 16 18 20 22 24 29 33 33 35 38 40 43 46 50 53 56 58 61 63 66 68 70 71 72 73 74 75 76 78 80 82 83 84 85 87 87 89 90 91 92 94 94 95 95 95 95 95 95 95
0 0 0 0 0 0 0 0 0 0 0 0 0 0 0 0 0 0 0 0 0 0 0 0 0 0 0 0 0 5 18 28 32 32 31 29 25 20 18 15 12 9 7 6 5 9 10 11 13 15 21 23 26 28 30 33 36 39 42 46 49 52 54 57 59 62 65 67 68 69 71 73 74 75 78 80 81 84 85 86 88 89 89 90 91 92 93 94 94 94 94 94 94 94 94
0 0 0 0 0 0 0 0 0 0 0 0 0 0 0 0 0 0 0 0 0 0 0 0 0 0 0 0 0 3 23 33 38 37 34 30 22 16 11 9 5 1 0 0 0 1 2 3 5 9 13 18 20 22 25 28 31 35 38 41 44 47 50 53 55 58 60 62 64 66 68 70 72 74 76 78 81 83 84 85 87 88 89 90 90 92 93 92 93 93 93 93 93 93 94
0 0 0 0 0 0 0 0 0 0 0 0 0 0 0 0 0 0 0 0 0 0 0 0 0 0 0 0 0 2 23 36 42 39 34 28 17 9 0 0 0 0 0 0 0 0 0 0 0 1 5 10 14 18 20 24 27 31 34 37 40 43 46 49 52 54 56 58 61 63 65 67 69 72 74 76 79 81 83 85 86 87 88 89 90 91 93 92 91 92 92 92 93 93 93
0 0 0 0 0 0 0 0 0 0 0 0 0 0 0 0 0 0 0 0 0 0 0 0 0 0 0 0 0 0 25 41 42 40 33 18 11 2 0 0 0 0 0 0 0 0 0 0 0 0 0 3 8 12 16 19 23 27 30 33 36 39 42 45 47 50 53 55 57 60 62 64 66 69 72 73 76 79 81 83 85 87 88 88 89 89 90 90 91 91 91 91 92 92 92
0 0 0 0 0 0 0 0 0 0 0 0 0 0 0 0 0 0 0 0 0 0 0 0 0 0 0 0 0 2 20 40 41 30 19 11 4 0 0 0 0 0 0 0 0 0 0 0 0 0 0 0 2 6 12 15 19 22 25 29 32 35 38 41 43 46 49 51 54 56 59 61 64 67 69 72 73 75 78 80 83 85 87 87 88 88 88 89 91 91 90 90 91 91 91
0 0 0 0 0 0 0 0 0 0 0 0 0 0 0 0 0 0 0 0 0 0 0 0 0 0 0 0 0 0 10 35 33 24 15 6 0 0 0 0 0 0 0 0 0 0 0 0 0 0 0 0 0 2 6 9 13 18 21 24 28 31 34 37 40 42 45 48 51 53 55 59 61 63 66 68 71 73 75 77 80 82 84 85 86 87 87 88 90 91 91 89 90 90 91
0 0 0 0 0 0 0 0 0 0 0 0 0 0 0 0 0 0 0 0 0 0 0 0 0 0 0 0 0 0 4 26 24 17 9 0 0 0 0 0 0 0 0 0 0 7 5 0 0 0 0 0 0 0 0 2 8 13 17 21 24 27 30 33 36 39 42 44 47 51 52 55 57 60 63 66 68 70 72 75 77 79 81 83 84 84 85 86 87 89 90 88 89 89 90
0 0 0 0 0 0 0 0 0 0 0 0 0 0 0 0 0 0 0 0 0 0 0 0 0 0 0 0 0 0 5 8 12 5 1 0 0 0 0 0 0 0 0 3 4 10 11 10 2 0 0 0 0 0 0 0 3 8 9 16 20 23 26 29 32 35 38 41 43 46 49 52 55 57 60 63 66 67 70 72 74 77 79 81 82 82 84 85 86 87 87 87 87 88 89
0 0 0 0 0 0 0 0 0 0 0 0 0 0 0 0 0 0 0 0 0 0 0 0 0 0 0 0 0 0 0 3 6 1 0 0 0 0 0 0 0 0 0 8 13 15 15 13 11 7 0 0 0 0 0 0 0 0 8 12 16 19 23 25 28 31 34 38 41 43 46 48 51 53 56 59 61 64 66 69 71 73 76 78 79 80 82 84 85 87 87 86 86 87 87
0 0 0 0 0 0 0 0 0 0 0 0 0 0 0 0 0 0 0 0 0 0 0 0 0 0 0 0 0 0 0 3 0 0 0 0 0 0 0 0 0 0 3 13 17 19 19 18 17 10 1 0 0 0 0 0 0 0 3 10 12 16 19 22 25 29 31 34 37 40 42 45 48 50 53 57 60 61 64 66 68 71 73 75 77 79 80 82 82 85 85 85 85 86 86
0 0 0 0 0 0 0 0 0 0 0 0 0 0 0 0 0 0 0 0 0 0 0 0 0 0 0 0 0 0 0 0 0 0 0 0 0 0 0 0 0 0 8 15 20 22 24 23 21 17 5 0 0 0 0 0 0 0 0 4 9 13 16 18 21 25 28 31 34 36 39 42 45 47 50 54 57 58 61 64 66 68 70 73 75 76 77 79 81 82 83 84 84 85 85
0 0 0 0 0 0 0 0 0 0 0 0 0 0 0 0 0 0 0 0 0 0 0 0 0 0 0 0 0 0 0 0 0 0 0 0 0 0 0 0 0 5 13 18 22 25 28 29 26 21 11 6 0 0 0 0 0 0 0 0 4 10 14 15 16 20 24 27 30 33 36 39 43 45 47 49 53 55 59 60 63 65 68 70 71 72 75 77 78 80 82 82 83 84 85
0 0 0 0 0 0 0 0 0 0 0 0 0 0 0 0 0 0 0 0 0 0 0 0 0 0 0 0 0 0 0 0 0 0 0 0 0 0 0 0 4 8 17 22 24 30 33 34 31 25 15 6 5 1 0 0 0 0 0 0 1 6 13 14 15 16 20 24 28 30 34 37 40 42 44 46 49 51 54 57 59 63 65 67 69 71 72 74 76 77 79 81 83 83 84
0 0 0 0 0 0 0 0 0 0 0 0 0 0 0 0 0 0 0 0 0 0 0 0 0 0 0 0 0 0 0 0 0 0 0 0 0 0 0 2 7 14 19 24 29 34 39 39 35 29 24 11 7 5 3 0 0 0 0 0 1 2 11 13 14 14 16 19 25 27 30 34 36 39 42 44 45 48 50 53 56 59 62 63 65 68 68 71 74 76 78 80 82 83 85
0 0 0 0 0 0 0 0 0 0 0 0 0 0 0 0 0 0 0 0 0 0 0 0 0 0 0 0 0 0 0 0 0 0 0 0 0 0 1 5 11 18 23 28 33 38 44 44 39 33 30 25 12 6 5 5 0 0 0 0 1 1 5 11 13 14 14 16 20 24 27 30 32 35 38 41 42 44 47 50 53 56 58 61 62 63 65 67 71 74 76 78 80 82 84
0 0 0 0 0 0 0 0 0 0 0 0 0 0 0 0 0 0 0 0 0 0 0 0 0 0 0 0 0 0 0 0 0 0 0 0 0 2 5 12 17 22 26 31 36 42 46 47 43 39 35 31 27 19 7 7 5 0 0 0 0 1 1 4 10 13 14 15 17 22 24 27 30 33 35 37 39 41 44 46 50 53 56 56 57 59 61 64 67 70 74 77 78 80 81
0 0 0 0 0 0 0 0 0 0 0 0 0 0 0 0 0 0 0 0 0 0 0 0 0 0 0 0 0 0 0 0 0 0 0 0 0 0 9 16 20 26 30 34 38 43 46 49 47 44 40 36 32 28 19 19 15 10 3 0 0 1 1 1 3 7 12 13 14 17 21 24 26 29 32 34 36 38 41 45 47 51 52 52 53 54 59 61 65 68 70 72 74 77 77
0 0 0 0 0 0 0 0 0 0 0 0 0 0 0 0 0 0 0 0 0 0 0 0 0 0 0 0 0 0 0 0 0 0 0 1 1 6 15 20 25 29 33 37 41 45 49 54 54 50 46 42 37 33 28 23 19 16 10 4 1 1 1 1 1 2 3 11 12 14 17 21 23 25 29 31 32 35 38 43 43 45 47 46 48 50 53 58 62 64 66 67 69 72 73
0 0 0 0 6 22 19 12 7 0 0 0 0 0 0 0 0 0 0 0 0 0 0 0 0 0 0 0 0 0 0 1 1 0 1 5 12 16 21 26 29 33 37 41 44 49 52 58 58 55 51 48 43 38 32 28 22 17 16 9 5 4 1 1 2 2 2 3 5 9 13 16 18 22 24 26 28 30 32 37 40 38 40 41 43 46 49 53 55 57 59 61 64 67 70
0 0 13 21 28 34 29 24 19 15 10 4 2 1 2 0 0 0 0 0 0 0 0 0 0 0 0 0 0 0 0 3 4 8 10 17 20 23 27 30 33 37 40 44 48 53 57 62 63 60 57 53 47 42 37 32 27 22 19 16 11 5 5 4 2 2 2 2 3 5 7 11 14 17 19 20 23 25 27 30 31 32 34 34 39 40 42 45 48 50 53 55 59 62 63
1 15 25 29 34 39 37 33 29 26 21 17 15 15 21 21 23 19 23 14 16 9 0 0 0 0 0 0 0 1 2 11 14 17 20 23 26 28 31 34 37 40 44 48 52 56 61 66 67 66 61 57 51 46 41 36 32 28 22 19 16 13 6 5 5 2 2 2 3 4 5 6 8 12 13 15 17 20 21 23 24 26 27 28 32 36 37 39 41 44 46 48 53 55 58
14 27 31 35 39 43 46 42 39 34 29 27 36 37 37 40 38 35 32 28 23 19 11 0 0 0 0 0 0 12 13 19 22 23 25 28 30 33 34 38 41 44 48 51 55 60 66 69 71 71 65 61 55 50 45 40 37 32 27 23 20 16 11 9 6 5 5 4 3 2 5 5 6 6 7 9 11 15 17 18 19 21 22 23 24 28 29 32 35 39 41 43 46 50 53
21 33 37 41 45 48 51 50 47 44 43 44 44 46 46 46 42 39 36 33 30 27 23 15 0 0 0 0 1 20 22 24 26 28 29 32 35 36 39 42 45 49 51 55 58 64 68 71 74 74 69 64 60 54 50 45 41 36 31 28 24 21 18 15 12 9 6 6 5 5 5 4 5 6 6 6 8 8 8 12 13 14 16 18 20 23 25 25 29 33 36 38 40 44 47
27 39 43 47 51 55 58 58 55 54 53 54 52 54 54 51 48 44 40 37 34 31 29 23 5 0 0 2 23 26 27 28 30 32 33 36 38 41 43 46 50 53 55 58 61 66 70 74 77 77 73 69 63 58 54 49 45 40 36 32 29 25 22 20 18 15 12 10 9 8 5 5 4 4 6 6 6 7 7 10 11 10 10 11 12 15 18 23 25 26 29 35 37 38 41
31 43 49 53 58 63 65 66 67 68 69 70 66 63 59 56 53 49 45 41 38 35 32 25 15 0 0 13 27 29 31 33 35 36 38 41 44 47 49 51 54 56 58 61 64 68 72 76 79 79 76 72 67 62 58 53 49 45 40 36 33 29 26 24 21 19 17 13 10 9 9 8 6 6 4 4 6 6 6 7 7 8 8 9 10 10 13 15 18 22 26 27 29 31 36
38 48 55 61 65 71 72 72 74 76 77 74 70 67 63 61 58 53 49 45 42 39 36 31 20 0 0 13 29 33 35 37 39 41 44 48 50 52 53 56 58 59 62 64 67 70 75 78 81 82 79 76 72 67 62 58 54 49 44 41 37 34 31 28 25 22 21 18 14 10 9 9 9 8 7 7 7 8 7 6 5 7 8 9 9 9 10 10 13 16 19 22 25 27 29
44 56 63 67 72 76 78 79 79 78 78 76 73 70 67 65 62 57 53 49 45 42 39 36 24 6 0 3 30 37 40 43 45 47 50 53 55 57 58 60 61 63 65 67 69 73 77 81 82 82 82 79 76 71 66 62 58 54 49 45 41 38 35 32 29 27 24 22 18 16 13 11 9 10 10 9 8 8 8 8 8 5 7 8 8 8 9 9 10 10 13 16 18 21 26
54 64 70 77 81 83 84 84 85 83 81 79 76 73 70 67 64 60 56 53 49 46 43 39 29 18 0 0 21 42 45 48 50 53 55 57 59 60 62 64 65 67 68 70 72 75 79 81 83 84 84 83 80 75 71 66 62 58 54 50 46 42 39 36 33 31 28 26 23 21 21 19 17 15 12 12 10 11 9 8 8 8 6 7 8 8 9 9 10 10 10 11 13 17 19
63 73 80 88 90 89 90 90 90 89 86 83 81 77 74 70 67 63 60 57 53 49 46 43 26 15 0 0 12 44 49 52 55 57 59 61 62 63 65 66 68 69 71 72 74 78 80 82 84 85 85 85 85 81 77 71 67 63 59 54 51 47 44 41 38 36 33 31 29 27 25 23 23 22 20 18 16 15 15 13 11 11 8 8 6 8 9 9 9 9 9 10 10 12 13
66 79 89 92 93 94 94 94 94 92 89 87 84 81 77 73 70 67 63 60 56 52 49 39 20 7 0 0 4 28 53 56 58 60 62 63 65 66 68 69 71 72 73 75 77 79 81 83 85 86 86 87 86 84 81 76 71 67 63 59 55 52 49 46 43 41 38 36 34 32 30 26 23 24 23 22 21 20 19 18 17 15 13 11 9 6 8 9 9 9 9 9 10 10 11
62 74 90 88 94 95 97 97 96 94 92 89 86 82 79 76 73 70 66 63 58 54 51 40 15 2 0 0 0 24 56 59 61 63 65 66 68 69 70 72 73 75 76 77 79 81 83 84 85 87 88 88 88 87 85 82 77 71 68 64 60 57 54 51 49 46 43 41 39 37 35 34 25 25 27 25 25 26 26 25 21 18 16 16 12 9 9 6 9 9 9 9 10 10 10
53 62 68 81 92 95 96 96 95 94 93 89 86 84 81 78 76 73 69 66 61 57 54 48 9 3 0 0 16 40 59 61 63 65 67 69 70 72 73 74 75 77 78 79 81 82 84 85 86 88 89 89 89 89 87 85 82 76 72 68 65 62 59 57 54 52 49 46 44 42 40 38 36 35 34 33 32 31 30 28 27 25 24 20 15 11 10 11 7 10 10 10 10 10 10
49 55 61 63 73 91 95 96 95 93 92 90 88 85 83 80 77 75 72 68 63 59 57 54 20 5 0 0 27 55 61 63 65 67 69 71 73 74 75 76 77 79 80 81 82 84 85 86 87 89 90 90 90 90 89 88 85 81 77 74 70 68 65 62 60 59 56 52 50 48 46 44 42 40 39 38 37 36 36 35 34 30 29 24 17 13 12 11 11 7 8 8 9 10 10
45 50 53 57 61 65 82 95 95 94 92 90 89 87 84 82 79 77 74 70 66 62 59 57 31 10 0 0 57 61 62 65 67 69 71 73 74 76 77 78 79 80 81 83 84 85 86 87 89 90 91 91 92 91 90 89 88 85 82 79 76 73 71 68 66 64 62 60 56 54 52 50 48 46 44 43 43 42 41 41 40 36 31 29 20 14 12 12 10 10 11 8 8 8 9
39 43 47 51 55 59 63 84 95 93 92 91 90 88 85 83 81 79 76 72 68 65 62 60 45 14 1 0 59 62 64 66 68 70 72 74 76 77 78 80 81 82 83 84 85 86 87 88 90 90 91 92 92 92 91 90 90 87 86 84 81 79 76 74 71 70 68 65 62 60 58 56 53 51 49 48 47 47 46 46 44 41 33 31 22 14 12 12 12 12 13 13 11 11 10
31 36 41 44 48 53 58 62 74 92 90 90 89 88 86 84 82 80 77 74 71 67 64 62 61 34 6 31 62 64 65 67 70 72 73 75 77 78 80 81 82 83 84 85 86 88 89 89 90 91 92 93 93 93 92 91 90 88 87 86 84 83 80 79 76 75 73 71 68 66 64 62 60 57 55 53 51 51 51 50 48 44 37 31 25 17 14 12 12 13 17 19 17 15 14
18 26 34 38 43 46 51 55 59 62 75 84 86 86 84 84 83 81 79 76 72 69 66 64 63 62 61 19 63 65 66 68 70 72 74 76 78 79 81 82 83 84 86 86 88 89 89 91 91 92 93 93 93 93 93 92 91 90 88 87 86 85 84 83 81 79 77 75 73 71 70 69 67 63 60 58 56 55 54 53 51 47 39 33 27 21 15 13 13 13 20 25 23 21 19
0 4 18 27 35 39 41 47 51 57 59 69 72 81 81 81 83 82 79 78 74 71 68 66 65 64 64 64 65 66 68 70 71 73 75 77 78 80 82 83 84 85 87 87 88 89 90 91 92 93 93 93 94 94 93 92 92 91 90 89 88 87 85 85 84 82 80 80 78 78 75 73 72 70 64 64 62 61 58 56 53 48 41 34 29 23 17 14 13 14 19 28 30 27 25
0 0 0 15 21 29 29 30 35 38 42 52 62 67 74 76 81 83 82 80 75 73 70 68 67 67 66 66 67 68 69 71 72 74 76 77 79 80 82 83 85 86 87 88 89 90 91 92 92 93 93 94 94 94 93 93 92 91 91 90 89 88 88 86 86 84 83 81 80 80 80 77 75 73 69 68 67 64 61 59 54 48 42 35 31 26 20 15 14 17 21 29 33 33 32
0 0 0 0 0 1 9 8 13 20 32 40 55 60 65 70 76 84 83 81 77 74 73 70 69 69 68 68 69 69 70 72 73 75 76 78 79 81 82 83 85 86 87 88 89 90 91 92 93 93 93 94 94 94 94 93 93 92 92 91 90 90 89 88 87 86 85 83 82 81 81 80 79 74 72 71 69 67 65 62 54 48 43 36 32 28 22 16 15 18 24 32 36 39 39
0 0 0 0 0 0 0 0 0 3 17 34 45 54 61 66 74 80 81 81 78 76 73 72 71 71 70 71 70 71 72 73 74 75 77 78 80 81 83 84 85 86 87 88 89 90 91 92 93 93 94 94 95 94 94 94 93 93 92 92 91 91 91 89 89 88 87 85 84 83 83 81 81 79 75 74 70 68 66 61 53 48 44 38 33 30 22 18 18 17 26 32 39 43 44
