test/input_data/boscastle/boscastle_input_data/boscastle_square_10m.asc
ncols        600
nrows        300
xllcorner    209000.000000000000
yllcorner    89000.000000000000
cellsize     10.000000000000
NODATA_value -9999
[rows 84 to 125 of 300, columns 190 to 284 of 600]
89 92 95 98 100 103 105 107 110 112 114 116 117 118 119 121 121 122 123 123 124 125 125 126 127 127 128 129 130 130 131 131 132 132 133 133 133 134 134 134 134 134 134 133 132 131 130 129 128 126 122 116 112 106 101 96 92 87 84 79 76 73 70 67 65 63 61 60 59 58 56 56 55 54 54 54 54 53 54 53 53 54 55 55 55 56 56 57 57 58 60 61 62 63 64
85 87 90 93 95 98 101 103 106 108 111 112 114 116 117 118 119 120 121 122 122 123 123 125 126 126 127 128 129 130 130 131 131 131 132 132 132 133 133 133 133 133 133 132 131 130 129 127 124 121 117 113 107 102 97 91 87 82 78 75 71 68 64 63 61 57 58 56 55 55 54 54 54 53 53 54 54 53 53 53 54 54 55 55 56 56 57 58 59 60 62 63 64 65 66
79 82 85 88 91 94 96 99 102 104 107 109 111 112 114 115 116 118 119 120 120 121 122 123 124 125 126 127 128 128 129 130 130 130 131 131 131 132 132 132 133 133 132 132 130 129 128 123 120 116 112 107 103 97 91 86 82 77 73 70 67 63 60 57 55 55 55 54 54 53 53 53 53 53 53 54 53 52 54 54 54 54 55 56 57 58 59 60 61 63 64 65 66 68 68
74 77 80 83 86 89 92 95 97 100 103 105 107 109 111 112 114 115 116 117 118 119 120 122 123 124 125 126 126 127 128 128 129 129 129 130 130 130 131 131 132 132 132 131 130 128 125 120 116 112 108 103 97 92 87 82 77 72 68 65 59 56 53 51 51 50 50 51 50 52 52 53 53 53 53 52 53 54 54 54 54 56 57 58 59 60 61 64 64 65 67 68 69 70 70
70 72 75 78 81 84 87 90 93 96 98 101 103 105 107 109 111 112 113 115 116 117 118 120 121 122 123 124 125 125 126 127 127 128 128 128 128 128 129 129 130 131 131 130 129 127 123 117 114 109 104 99 93 88 83 78 73 69 63 58 53 51 49 49 50 50 50 51 51 52 52 53 53 53 52 53 53 53 54 55 57 58 60 61 62 63 65 66 67 68 69 70 71 72 73
65 68 70 74 77 80 83 86 89 91 94 97 99 101 104 106 108 109 111 112 113 114 116 117 118 120 122 123 123 124 125 125 125 126 126 126 126 127 127 127 128 130 130 128 127 126 119 115 110 105 100 94 89 84 79 74 71 64 58 53 49 49 49 50 51 51 52 52 51 51 53 53 53 53 53 52 53 55 56 58 59 61 63 64 65 65 68 69 70 71 72 74 74 74 75
60 63 66 69 72 75 78 82 84 87 90 92 95 97 100 102 104 106 108 109 110 111 113 114 116 117 119 120 121 122 122 123 123 123 123 124 123 123 123 125 127 127 128 127 127 125 118 112 107 102 97 91 86 80 76 72 65 59 52 48 49 50 51 51 52 58 59 56 54 52 51 51 52 52 52 55 57 59 61 63 64 66 67 67 68 67 71 72 73 74 75 75 75 76 76
55 58 61 64 67 70 74 77 80 83 86 89 91 93 96 98 100 102 104 106 107 108 110 111 113 115 116 117 118 119 119 120 120 120 119 118 118 118 119 120 122 123 123 122 121 118 113 107 102 97 92 87 82 77 73 67 61 55 48 48 50 51 51 52 54 60 61 60 59 58 56 55 56 57 59 62 64 65 67 68 70 71 71 72 72 69 73 74 75 75 76 76 77 77 78
50 53 56 59 62 66 69 72 76 79 82 85 87 90 92 94 97 99 101 103 104 105 107 108 110 111 113 114 115 116 116 116 116 115 115 115 114 114 115 116 117 117 116 113 110 109 107 103 98 93 89 84 79 73 68 62 57 51 47 50 50 51 52 52 56 59 61 61 60 61 61 63 63 65 67 69 70 71 72 73 73 73 73 73 74 74 75 76 76 77 77 78 78 79 79
46 49 52 55 58 62 65 68 71 75 78 81 83 86 88 90 93 95 97 99 100 102 103 104 106 108 108 110 111 112 113 112 112 110 109 109 108 109 109 109 110 110 108 106 104 104 102 98 94 89 85 80 74 69 63 58 53 48 48 49 50 52 52 53 53 56 58 59 60 61 63 64 66 69 71 71 72 73 73 74 74 74 75 75 75 76 75 77 78 78 79 80 80 80 81
41 44 48 51 54 57 60 64 67 70 73 77 80 82 85 87 89 92 94 96 97 98 99 101 102 104 105 106 107 107 107 108 106 105 104 103 103 103 103 103 104 102 101 100 100 98 97 94 90 85 81 76 71 65 59 54 50 47 49 50 51 52 53 53 54 54 55 57 59 61 63 66 68 70 71 72 73 74 75 75 75 76 76 77 77 78 78 79 80 80 81 81 82 82 83
38 40 44 47 50 53 56 59 62 66 69 72 75 78 81 83 86 88 90 92 93 94 95 96 98 100 102 102 103 103 102 102 101 100 99 98 98 98 97 97 97 96 95 95 95 93 91 89 86 83 77 72 67 61 55 51 47 48 49 51 53 55 56 56 56 55 55 55 58 61 63 66 69 72 73 74 75 75 76 77 77 78 78 79 79 80 79 81 82 82 83 84 84 85 85
36 38 41 43 46 49 52 55 58 62 65 68 71 74 76 79 81 84 86 88 89 90 91 92 94 94 95 96 97 98 98 98 97 96 94 94 93 92 92 92 91 90 90 90 89 88 87 85 82 78 73 68 62 57 51 48 46 48 50 53 56 59 60 61 63 59 56 56 56 60 63 67 71 73 75 76 77 78 78 78 79 80 80 81 81 82 81 83 84 85 85 86 87 88 88
34 35 38 41 43 45 48 51 53 57 61 64 67 69 72 75 77 80 82 83 85 86 87 88 89 90 91 92 92 93 93 93 92 91 90 88 88 87 87 86 86 85 85 84 83 82 81 80 78 73 69 64 58 53 49 46 47 50 53 56 60 63 65 67 66 63 59 57 57 59 63 67 72 74 77 79 80 81 81 81 81 82 83 84 84 85 83 86 87 87 88 89 90 90 91
34 34 36 38 41 42 44 46 49 53 56 59 62 65 68 71 73 75 77 79 80 82 83 84 85 85 86 87 87 88 88 88 87 85 83 83 82 81 81 81 80 80 79 79 78 76 75 75 73 71 65 60 56 49 46 46 48 52 56 60 63 66 69 71 69 66 62 59 58 57 62 67 72 75 79 82 83 83 84 84 84 85 86 87 87 88 86 89 90 90 91 92 92 93 93
33 34 35 36 38 40 42 43 45 48 51 55 58 60 63 66 69 70 72 74 75 76 78 79 80 81 81 82 82 83 83 82 81 79 78 77 77 76 75 75 74 74 73 72 71 70 70 69 67 65 62 56 51 46 45 48 51 56 60 63 66 70 73 73 72 69 64 61 60 59 62 69 72 77 80 83 85 86 86 87 87 88 88 89 90 90 89 91 92 93 94 94 94 95 95
32 33 34 35 36 37 39 40 41 44 47 50 53 56 59 62 64 66 67 69 70 72 73 74 75 75 76 76 77 78 78 77 75 74 73 72 71 70 69 69 69 68 67 66 66 65 63 62 62 59 56 50 45 45 47 50 54 58 63 66 70 73 77 76 74 71 67 63 61 60 62 69 73 77 82 85 87 88 88 89 90 91 91 92 92 93 92 95 95 95 96 96 96 97 97
33 33 32 34 35 36 36 37 38 40 43 46 49 51 54 57 59 61 63 64 65 66 68 69 69 70 70 71 72 73 73 72 70 69 67 67 65 65 64 63 62 62 61 60 59 59 58 57 55 54 48 45 45 47 49 53 57 62 65 69 73 77 79 79 76 73 69 65 62 60 63 70 75 79 83 86 88 89 90 91 92 93 93 94 95 95 96 96 97 97 97 97 98 98 99
34 33 33 34 34 35 36 36 37 38 40 42 45 47 50 52 54 56 58 59 60 61 62 63 64 65 65 66 66 68 69 67 65 63 62 61 60 59 58 57 56 56 55 54 54 53 52 51 48 47 44 44 46 49 52 56 60 65 68 72 76 80 82 81 78 75 71 67 63 61 64 71 76 80 85 87 89 90 91 92 93 94 95 96 96 97 97 97 98 98 98 99 99 100 100
34 34 33 33 34 35 35 36 36 37 38 39 41 43 45 47 49 51 52 54 55 56 57 58 59 59 60 60 61 62 64 61 60 57 56 55 54 53 52 51 50 49 49 49 49 48 47 47 46 44 44 46 48 52 55 59 64 68 72 76 79 84 84 83 80 77 73 68 65 62 64 72 77 82 86 88 90 91 92 94 95 96 96 97 98 98 98 99 99 99 100 100 101 101 102
35 34 34 33 34 34 35 35 36 37 37 38 38 39 41 42 44 46 47 48 50 51 52 53 54 54 55 55 55 56 56 53 52 51 50 48 48 46 45 45 45 45 45 45 45 45 45 44 43 44 46 48 51 55 59 63 67 72 75 79 83 87 86 84 81 78 73 69 65 63 66 72 77 83 87 89 90 92 93 94 95 96 97 98 98 99 99 100 100 101 101 102 102 103 103
37 35 35 33 34 35 35 36 36 36 37 37 38 38 38 39 40 41 42 43 45 46 47 48 49 49 49 50 50 49 47 46 44 42 42 42 42 43 42 43 43 43 44 44 44 44 43 44 45 47 49 52 55 59 63 66 71 75 79 83 86 88 88 85 82 78 73 69 65 64 67 72 78 83 87 89 91 92 94 95 96 97 98 99 99 100 101 101 102 102 103 103 104 104 105
40 37 36 35 33 35 35 36 36 36 37 37 37 38 38 38 38 39 39 40 40 41 42 43 44 44 45 45 44 44 42 40 40 40 41 41 41 41 41 41 42 42 42 43 43 44 46 47 49 51 54 56 59 63 67 71 75 79 83 87 89 90 89 86 83 79 74 70 65 66 67 72 77 83 87 89 91 93 94 95 97 98 99 99 100 101 102 102 103 103 104 105 105 105 106
43 40 38 36 34 34 35 36 36 36 36 36 37 37 38 38 38 38 39 39 40 40 40 41 41 42 42 42 42 40 40 41 42 42 42 42 43 43 43 44 46 46 47 47 49 50 50 52 54 56 59 61 64 67 71 75 79 83 87 91 92 93 91 87 84 80 76 71 65 67 68 72 77 83 87 90 92 93 94 96 97 98 99 100 101 102 103 103 104 105 105 106 106 107 107
47 43 40 38 37 34 34 34 34 34 36 36 36 37 38 38 38 38 39 39 39 40 40 40 41 41 41 41 39 39 41 42 42 42 43 44 45 48 50 51 52 53 54 54 54 55 57 58 60 62 64 67 69 72 76 79 83 87 91 93 94 94 92 87 84 81 77 73 66 67 69 72 77 83 86 90 92 94 95 96 97 98 100 101 102 103 104 104 105 106 106 107 107 107 108
50 46 43 41 39 37 35 35 35 36 34 36 37 36 37 37 37 38 38 38 39 39 40 40 40 41 40 39 39 41 41 42 42 44 47 49 51 53 55 56 57 57 60 60 61 61 62 64 65 67 69 72 74 77 81 84 87 91 94 96 97 96 93 88 85 82 78 73 67 68 70 73 77 82 86 90 92 94 96 97 98 99 100 101 103 104 104 105 105 106 107 107 108 108 108
53 50 47 45 42 40 38 37 36 36 36 35 37 37 37 37 38 38 38 38 39 39 39 40 40 38 39 40 41 41 42 44 47 49 52 55 57 58 60 60 62 64 65 66 66 67 68 70 71 73 75 77 79 82 85 89 92 94 97 99 99 97 94 90 87 84 80 74 68 69 70 72 77 81 86 90 92 94 96 97 99 100 101 102 103 104 105 106 106 106 107 108 108 109 109
56 53 52 49 47 45 43 41 38 37 36 37 35 37 37 37 38 38 38 39 39 39 39 39 38 38 40 41 42 43 45 49 52 54 57 59 61 63 63 66 68 70 71 71 73 74 75 76 77 79 81 83 85 87 90 93 96 98 101 102 101 99 95 92 89 85 81 76 70 70 71 73 77 81 86 90 93 95 97 98 99 100 102 103 104 105 105 106 107 107 108 108 109 109 110
59 57 56 54 52 50 47 44 42 39 38 38 38 35 36 37 38 37 38 38 38 38 38 37 38 40 43 45 46 47 50 53 56 59 61 63 65 67 69 72 75 76 76 77 78 80 80 82 83 84 86 88 90 92 95 98 100 103 105 104 103 101 98 94 91 87 83 78 73 69 72 73 77 81 86 90 93 95 97 98 100 101 102 103 104 105 106 107 107 108 108 109 109 110 110
62 61 59 58 56 54 52 49 46 42 40 39 39 38 37 36 37 37 37 37 38 38 39 41 43 45 47 50 51 52 55 58 60 63 65 66 69 72 75 77 80 81 82 83 84 85 86 87 88 90 92 93 95 98 100 102 105 107 108 107 106 103 100 97 93 89 85 81 76 71 72 74 77 81 86 90 93 95 97 99 100 102 103 104 105 106 107 107 108 109 109 109 110 110 111
65 65 64 62 61 59 57 54 51 47 43 40 40 40 39 39 38 39 39 41 42 43 44 45 47 49 51 53 55 57 60 62 64 67 69 70 73 77 80 82 84 86 87 88 89 90 91 92 94 95 97 99 102 103 105 108 109 111 110 109 108 105 102 98 95 91 87 83 79 73 72 74 77 81 86 90 93 96 98 100 101 102 103 104 106 107 107 108 109 109 110 110 111 111 112
70 69 68 67 66 64 62 59 55 51 47 43 41 42 41 40 41 42 43 45 46 47 48 50 52 54 56 58 60 62 64 66 68 71 72 75 78 81 84 87 89 91 92 93 95 96 97 98 100 102 104 106 108 109 111 112 114 113 112 111 109 107 103 99 96 93 89 85 81 76 72 75 78 82 86 90 94 96 98 100 101 102 104 105 106 107 108 109 110 110 111 111 112 113 113
75 74 73 72 70 69 67 64 58 54 49 45 43 43 43 44 46 48 49 51 51 52 53 55 57 58 60 62 64 65 67 70 72 74 76 79 82 85 88 91 93 96 98 99 100 101 102 104 106 108 110 112 113 114 116 116 116 115 114 112 110 108 104 101 97 94 91 88 83 77 73 76 78 82 86 90 94 96 98 100 101 103 104 105 107 108 109 110 111 111 112 112 113 114 114
79 79 77 76 74 74 72 67 62 57 52 48 46 45 46 49 51 52 54 55 56 58 58 60 61 62 64 66 68 70 72 73 76 78 80 83 86 90 93 95 98 101 103 104 106 107 108 110 111 114 116 117 118 119 118 118 117 116 115 113 112 109 106 102 98 95 92 90 84 77 75 76 79 82 86 91 94 97 99 100 102 103 104 106 107 108 110 111 112 112 113 113 114 115 116
84 83 82 81 79 78 77 73 66 61 55 51 48 47 50 54 57 58 58 60 60 62 63 65 66 67 69 71 73 75 77 78 80 82 84 87 91 95 97 100 103 105 108 110 111 113 115 116 118 120 121 121 120 120 120 119 118 117 116 114 112 110 107 103 99 96 93 90 84 78 76 77 80 82 87 91 94 97 99 100 102 103 105 106 108 109 110 111 113 114 114 114 115 116 117
89 89 88 86 85 83 81 76 70 64 59 55 50 49 54 59 62 63 64 65 65 66 69 70 71 72 74 76 79 81 82 83 83 86 88 92 96 99 102 105 108 111 113 116 118 119 120 121 122 122 122 122 122 121 121 120 119 118 117 115 113 111 108 104 100 97 93 89 85 79 76 78 80 83 87 90 94 97 99 101 103 104 105 107 108 110 111 112 113 114 115 115 115 116 117
93 93 92 91 89 87 83 78 73 68 62 58 53 52 57 63 68 69 70 71 72 72 74 75 76 78 79 81 84 86 87 88 89 91 93 96 100 104 107 110 113 115 117 119 120 121 121 122 122 123 123 123 123 123 122 121 120 119 117 116 114 112 109 105 101 96 92 89 85 81 77 77 80 82 87 90 93 96 99 101 103 104 106 107 108 110 111 113 115 115 116 116 116 117 118
97 96 96 95 93 90 86 80 75 70 65 60 54 56 61 66 72 76 77 77 78 78 79 81 81 83 85 87 89 91 93 94 94 95 97 100 104 108 110 113 115 117 118 119 121 122 122 123 124 124 124 125 124 124 123 122 121 120 118 116 114 112 110 106 101 96 92 88 84 81 78 77 81 83 86 89 92 95 99 102 103 105 106 107 109 110 112 114 115 115 116 116 116 117 118
100 99 98 97 96 92 87 82 77 72 68 62 57 59 64 70 75 80 83 84 84 85 85 86 88 89 90 92 93 95 96 97 98 99 101 105 108 110 113 114 116 118 119 121 122 123 124 124 125 125 126 126 126 125 124 123 122 120 119 117 115 113 111 106 101 96 92 88 84 81 78 78 81 84 86 89 91 94 99 102 103 105 106 107 109 110 112 113 114 115 116 116 117 117 118
102 101 100 99 98 94 89 84 80 75 70 64 58 62 66 73 78 85 88 90 91 92 92 93 94 95 95 96 97 98 99 100 102 103 105 108 110 113 114 115 117 119 121 122 123 124 125 126 126 127 127 127 126 126 125 123 122 121 120 118 116 114 112 106 101 97 92 88 84 81 78 80 81 84 87 89 93 97 99 102 103 105 106 108 109 110 112 113 114 115 116 116 117 117 118
105 104 103 102 100 96 92 87 83 78 72 67 60 64 71 77 82 90 93 95 96 97 98 99 100 100 100 100 101 102 102 103 104 107 109 111 113 114 115 117 119 120 122 123 125 126 126 127 128 128 128 128 127 126 125 124 123 122 120 118 117 115 112 106 101 97 93 89 85 80 79 80 84 87 90 94 97 98 101 102 103 105 106 108 109 110 112 113 114 115 116 116 117 117 118
109 107 105 104 102 98 94 90 86 81 76 70 64 65 71 79 85 92 96 98 99 100 101 102 103 103 103 104 104 104 105 106 108 110 112 113 114 116 117 118 120 122 123 125 126 127 128 128 129 129 129 129 128 127 126 125 124 122 121 119 118 116 112 106 102 97 94 89 85 79 81 82 85 88 92 97 100 101 102 103 105 106 107 108 109 110 112 113 114 115 116 116 117 117 118
