test/input_data/boscastle/boscastle_input_data/boscastle_square_50m.asc
ncols        120
nrows        60
xllcorner    209000.000000000000
yllcorner    89000.000000000000
cellsize     50.000000000000
NODATA_value -9999
[rows 0 to 41 of 60, columns 0 to 93 of 120]
0 0 0 0 0 0 0 0 0 0 0 0 0 0 0 0 0 0 0 0 0 0 0 0 0 0 0 0 0 0 0 0 0 0 0 0 40 53 53 56 58 69 85 101 108 109 108 109 108 109 112 118 124 129 134 137 140 143 148 149 151 152 154 157 161 164 166 167 169 171 175 177 179 182 184 186 188 190 192 193 194 195 195 195 195 195 195 195 197 199 202 205 208 210
0 0 0 0 0 0 0 0 0 0 0 0 0 0 0 0 0 0 0 0 0 0 0 0 0 0 0 0 0 0 0 0 0 0 0 0 17 78 79 76 75 92 111 114 114 114 114 114 114 113 114 117 123 128 131 139 142 145 147 149 150 152 153 155 158 161 163 165 167 170 172 174 176 180 182 184 186 188 190 191 192 192 192 189 189 189 189 190 192 195 198 201 204 206
0 0 0 0 0 0 0 0 0 0 0 0 0 0 0 0 0 0 0 0 0 0 0 0 23 41 40 40 36 0 0 0 0 22 28 31 36 96 99 100 99 108 113 115 116 118 118 118 117 117 117 119 122 128 133 137 139 142 145 148 149 151 153 155 157 159 162 164 166 168 171 173 175 177 180 182 184 186 187 189 190 191 189 187 185 184 184 185 188 191 195 199 202 203
0 0 0 0 0 0 0 0 0 0 0 0 0 0 0 0 11 0 0 0 33 6 33 53 60 65 65 61 56 46 0 35 49 54 57 59 64 99 103 106 109 111 114 116 118 120 121 120 120 120 121 123 124 127 131 134 137 140 143 146 148 150 152 154 157 159 161 163 165 167 169 171 173 176 178 180 182 184 185 187 188 188 187 184 182 180 178 181 184 188 192 196 199 201
0 0 0 0 0 0 0 0 0 0 18 31 25 0 0 0 43 45 20 46 52 32 53 69 77 81 82 78 73 68 43 70 73 79 82 85 86 101 105 109 112 114 116 119 121 123 124 125 125 126 127 126 126 128 130 133 136 139 143 145 147 149 152 155 157 158 160 162 164 166 167 169 171 173 176 178 180 182 184 185 186 186 185 183 179 174 173 177 181 185 190 194 197 199
0 0 0 0 0 0 0 0 0 0 47 58 55 39 0 0 59 67 66 68 69 59 70 80 90 92 88 83 77 73 72 73 76 82 89 94 98 103 107 110 112 116 118 121 123 125 127 128 129 130 131 130 130 130 132 135 137 139 142 144 146 149 152 154 155 157 159 161 162 164 165 167 169 171 174 176 178 180 182 183 184 185 184 182 178 168 167 174 178 184 190 194 197 198
0 0 0 0 0 0 0 0 1 41 74 82 81 60 0 17 71 82 83 84 85 82 83 83 90 93 89 83 76 73 73 75 78 81 85 90 94 100 105 110 115 119 120 122 125 126 128 130 132 133 134 134 133 133 135 136 138 140 142 144 146 147 149 151 152 155 158 160 161 161 163 165 167 169 172 174 176 178 180 181 182 183 182 180 177 160 162 173 177 184 189 194 196 197
30 20 0 0 0 0 0 0 30 46 57 68 83 74 57 69 80 92 95 96 94 88 88 90 92 91 87 81 75 73 74 76 79 82 86 90 94 99 104 110 115 119 121 124 126 127 130 132 135 136 137 137 137 137 137 138 139 141 142 144 146 147 148 148 149 153 156 158 158 156 158 163 165 168 169 171 174 176 177 178 178 179 178 176 169 151 160 172 177 182 187 191 192 192
0 0 0 0 0 0 24 26 14 18 33 43 58 70 75 83 89 94 95 95 92 88 86 86 85 84 82 78 72 72 74 76 80 83 87 91 94 99 106 111 116 120 123 125 127 129 132 134 137 139 141 142 143 143 142 141 141 142 144 146 147 147 146 143 145 151 154 154 151 147 156 159 162 165 167 169 171 173 174 175 174 170 166 163 154 141 154 166 172 177 183 186 187 185
0 0 0 0 0 0 41 0 0 0 2 22 38 51 64 75 87 89 91 91 88 83 78 75 74 72 71 68 67 70 73 77 81 84 88 92 95 102 108 114 118 122 124 126 128 130 133 135 138 140 143 144 145 145 144 142 141 142 144 145 146 146 144 139 135 144 146 146 139 141 149 152 157 160 163 166 168 169 170 170 168 164 159 154 143 134 148 155 162 169 172 176 175 172
0 0 0 0 0 0 0 0 3 18 0 0 19 34 48 61 73 82 85 88 86 77 65 60 59 58 59 61 66 70 74 77 83 87 90 93 98 106 111 116 120 123 125 127 129 131 134 137 139 141 143 143 142 141 140 139 139 140 141 143 143 142 142 137 123 125 129 128 125 132 139 144 149 154 158 160 162 163 163 160 156 153 147 140 133 129 132 140 147 154 153 156 154 153
0 0 0 0 0 0 0 0 23 44 12 0 5 16 32 44 58 67 80 87 84 67 51 45 45 50 56 62 67 71 75 80 86 90 93 96 100 107 113 118 121 124 126 128 130 132 135 138 140 142 141 140 138 136 135 134 134 135 136 137 137 135 135 131 116 109 111 111 115 124 130 138 144 149 153 155 158 157 154 151 146 142 137 132 128 123 123 129 130 130 132 133 132 133
13 24 2 0 0 0 4 23 40 62 47 22 5 2 14 25 34 45 59 72 73 54 37 35 42 52 59 66 73 77 81 85 90 94 96 98 103 110 115 119 122 125 127 129 131 134 137 139 141 141 139 137 134 130 125 122 121 123 121 120 119 116 111 110 108 97 97 101 106 113 124 133 140 145 149 152 154 154 151 147 142 136 133 128 123 119 117 121 121 118 118 117 118 119
49 66 66 49 32 13 35 47 58 76 67 45 26 13 6 6 8 15 29 50 55 33 22 27 44 53 65 75 81 84 87 91 95 99 100 102 107 113 118 122 124 127 129 131 133 135 138 140 140 137 133 129 122 115 109 106 104 102 98 94 93 87 84 85 88 87 89 97 100 105 113 123 133 140 145 149 150 151 148 144 139 134 130 124 119 113 111 113 112 112 112 112 114 115
89 94 84 67 49 0 58 66 73 83 86 67 49 36 23 20 13 9 10 11 13 14 15 17 18 25 43 58 69 82 91 93 100 103 105 107 111 116 121 124 127 129 131 132 135 137 139 139 136 132 122 113 104 96 89 84 82 78 73 69 65 61 62 64 68 74 82 91 92 97 103 113 123 132 139 143 146 146 145 141 135 133 128 121 114 107 106 106 107 107 108 109 109 110
47 84 90 79 62 0 68 77 83 88 92 87 76 65 53 47 33 12 11 9 13 12 12 14 15 16 19 33 49 63 75 86 96 102 106 105 104 113 121 126 128 130 131 133 136 139 140 137 132 120 103 92 82 74 68 63 62 59 58 58 61 64 64 65 64 66 69 76 82 86 91 102 114 124 130 136 139 140 139 135 130 129 126 120 112 101 101 102 103 104 105 105 119 123
0 8 55 84 73 68 73 81 87 92 94 92 89 83 79 67 43 16 36 36 33 29 31 32 30 26 23 20 22 38 60 68 82 80 80 80 83 92 105 114 121 126 127 130 133 135 135 131 118 99 81 68 59 55 55 54 56 61 66 69 71 73 74 72 67 67 67 69 71 76 80 89 102 113 122 128 132 133 132 127 124 125 122 111 97 97 99 100 101 102 120 125 132 139
0 0 0 66 76 76 78 82 87 91 94 94 94 91 85 71 48 21 41 63 61 55 55 55 53 52 46 38 26 22 32 36 45 48 49 49 56 67 80 95 107 115 120 126 129 130 132 120 97 72 53 51 53 54 57 64 69 73 76 79 83 87 88 83 71 68 71 70 70 72 73 77 85 99 111 120 125 126 124 119 117 115 102 91 95 102 110 113 116 124 128 135 144 150
0 0 50 67 78 81 82 84 88 91 93 95 97 95 88 76 53 27 38 65 74 77 79 80 80 78 70 62 52 40 33 31 26 27 29 29 31 41 56 72 87 99 107 114 116 114 116 103 79 51 52 61 63 71 73 76 78 81 84 90 96 98 97 91 84 70 72 77 74 74 75 75 76 80 89 99 106 109 108 97 92 91 91 96 107 103 112 118 122 128 134 142 147 154
0 0 0 1 80 83 86 88 90 93 95 96 97 97 91 79 58 32 39 64 78 85 92 96 100 100 96 86 78 67 55 50 51 51 51 47 36 32 38 51 67 80 87 92 92 87 85 80 58 50 65 57 72 81 83 86 90 92 96 100 102 103 102 99 93 73 72 81 83 81 81 80 76 78 79 80 81 81 84 86 88 89 95 106 117 114 111 120 127 132 138 145 151 157
0 0 40 56 85 88 90 92 94 96 97 98 99 96 90 82 54 38 35 62 78 90 98 105 108 110 110 108 103 91 81 77 77 81 80 73 56 37 33 36 45 56 62 66 65 59 55 51 46 65 82 67 76 90 95 97 99 101 104 105 107 108 107 105 101 86 74 77 90 90 91 91 91 87 85 88 89 92 93 98 102 107 114 125 124 121 117 124 130 136 142 148 155 160
28 44 59 86 91 94 94 95 97 99 100 100 99 95 90 81 59 41 34 52 71 87 100 107 111 116 117 117 116 112 107 105 106 108 106 90 71 54 38 36 37 38 40 42 42 43 47 52 64 83 91 71 77 93 99 103 106 107 108 110 112 113 113 111 108 102 83 78 86 98 100 103 103 102 99 100 102 105 108 111 115 123 131 133 131 127 123 127 135 140 145 152 157 161
31 48 57 67 85 96 97 98 99 100 99 98 97 90 76 70 54 41 42 42 58 78 93 104 113 119 122 124 124 121 119 119 120 121 118 105 84 68 56 44 38 37 38 45 56 67 76 82 90 103 98 78 77 95 102 107 109 111 113 114 116 119 120 119 114 110 94 77 81 99 110 113 115 116 115 113 116 118 121 126 131 136 139 140 137 132 129 129 137 143 149 155 160 164
50 52 58 67 75 84 90 94 96 95 93 90 87 82 76 66 56 47 63 59 51 71 86 98 110 120 126 129 129 127 125 126 127 126 122 111 95 82 77 67 46 52 58 66 76 90 103 110 118 116 106 90 79 97 104 111 114 117 118 119 122 124 126 124 121 117 102 86 81 96 115 121 123 124 127 128 126 129 134 137 141 143 144 144 142 138 133 136 140 146 152 158 163 168
61 62 66 71 75 81 88 92 94 93 91 89 84 80 75 73 69 58 63 66 57 73 82 91 102 115 125 131 133 130 129 130 130 129 124 117 109 102 98 82 57 80 85 92 98 110 119 124 126 120 111 88 81 94 106 113 117 120 123 126 128 130 132 132 131 127 117 96 83 91 114 128 132 135 136 136 136 139 142 144 147 149 149 149 147 144 140 139 143 148 155 162 167 172
71 75 77 80 82 85 89 91 93 93 91 88 85 81 79 76 73 67 71 74 68 71 82 90 96 106 120 130 133 132 132 133 133 132 129 124 121 118 113 94 69 92 105 108 113 119 126 130 129 123 112 91 85 103 108 114 118 122 126 129 133 136 138 141 141 137 123 102 86 90 107 131 137 140 141 143 144 146 149 152 153 154 153 152 151 149 147 143 146 152 159 165 171 177
82 85 87 90 91 91 91 92 94 94 93 90 88 87 85 84 83 74 77 80 83 75 76 89 97 103 112 122 128 132 135 136 137 138 136 135 133 130 124 103 83 99 116 119 123 129 132 135 135 129 114 95 87 98 112 116 121 126 129 133 137 142 144 146 144 138 125 104 87 90 104 129 142 147 150 150 151 152 154 156 158 158 157 156 155 154 152 150 151 155 161 168 175 181
92 92 94 95 96 95 95 95 97 96 95 93 92 91 91 91 89 79 85 87 92 90 81 83 94 103 110 118 126 132 136 138 140 141 141 140 139 136 131 112 93 107 122 127 132 135 137 139 139 135 115 100 89 97 110 118 125 130 133 137 142 146 149 148 146 141 130 108 94 91 104 124 144 153 156 157 157 158 159 161 161 161 161 160 159 158 157 156 155 158 163 171 178 184
93 95 97 99 99 98 99 100 102 100 99 98 97 97 94 96 93 83 90 96 99 99 97 87 89 99 108 116 123 129 135 137 141 144 145 145 145 143 137 122 102 112 129 135 138 141 142 144 142 134 119 105 94 98 111 119 127 131 138 144 149 152 154 153 149 145 135 115 101 94 107 123 143 156 162 163 163 163 164 165 166 165 164 164 164 163 162 161 161 162 167 173 180 186
93 96 99 101 104 107 108 107 106 106 104 103 103 104 103 102 98 91 98 102 104 107 106 102 92 97 105 115 122 128 135 140 143 146 149 150 149 148 145 134 115 117 135 142 145 148 148 147 145 137 124 110 98 101 111 121 129 137 145 150 155 158 159 159 156 151 142 123 112 100 109 130 141 159 167 170 168 169 169 169 169 169 169 169 169 168 168 168 167 167 170 175 182 188
95 98 101 106 109 112 113 114 113 111 109 108 109 109 108 107 103 96 103 109 109 115 115 114 105 97 107 117 124 130 137 142 145 149 153 155 155 154 152 147 129 121 141 148 153 155 156 155 152 145 133 122 109 102 112 124 134 142 149 154 159 162 165 164 162 159 152 137 123 109 111 132 147 158 173 177 177 177 175 174 173 173 174 175 174 174 174 173 172 173 174 177 184 190
99 102 105 109 113 116 117 118 118 117 117 115 115 116 115 114 108 105 112 116 120 122 124 124 121 112 107 119 127 133 139 144 150 155 159 161 163 162 160 156 142 142 150 154 160 162 163 162 159 156 147 136 125 117 110 126 138 146 153 159 163 168 170 170 169 167 162 155 136 119 109 132 149 161 172 181 183 182 181 179 177 177 178 179 180 181 180 180 179 179 181 183 186 191
104 106 110 114 117 121 123 123 123 123 124 122 122 122 122 121 115 116 121 125 127 127 133 134 133 124 114 120 131 138 144 149 155 160 164 167 169 169 168 165 155 156 161 164 167 170 171 170 168 165 160 152 143 131 114 127 141 151 159 164 168 174 177 178 177 175 174 170 153 135 115 125 148 162 171 178 186 185 183 182 181 181 184 184 185 185 185 185 184 184 185 187 188 193
108 111 115 119 123 127 128 129 129 130 130 130 130 130 128 127 120 125 131 134 137 140 142 142 141 137 127 119 136 143 151 154 160 165 171 174 177 177 176 173 168 166 170 173 175 176 177 176 177 174 170 169 162 147 133 118 138 155 166 173 178 183 187 189 188 189 186 182 168 148 130 111 139 159 170 175 179 184 181 178 178 182 183 189 190 190 190 190 190 190 191 193 193 195
113 118 121 124 129 133 135 138 139 138 137 137 136 136 135 134 127 132 137 142 146 148 149 149 148 144 138 127 139 149 157 161 167 172 177 181 184 185 184 181 177 176 179 181 183 184 186 187 187 186 186 183 180 167 153 137 130 154 172 182 190 195 197 199 200 197 196 192 184 168 149 133 122 148 167 168 165 167 165 166 173 178 180 184 194 197 195 195 195 195 197 198 199 201
119 125 129 134 137 141 143 144 145 146 145 144 144 144 144 142 134 138 144 150 152 155 154 155 154 152 149 136 139 151 161 167 173 179 184 188 190 192 192 190 187 186 189 191 193 196 198 199 200 200 199 198 192 181 164 149 127 152 173 189 199 206 208 209 209 207 204 199 193 188 171 154 139 126 139 147 158 159 168 175 181 184 185 186 188 196 200 200 200 200 203 205 207 207
125 131 135 141 144 149 151 153 154 155 154 152 151 152 152 151 142 144 152 157 161 163 164 162 163 161 157 140 144 157 165 171 178 184 190 194 198 199 200 198 195 196 200 202 205 207 209 211 213 213 213 210 204 193 174 155 134 155 175 194 206 215 218 218 217 214 212 209 204 200 193 177 160 141 147 170 177 176 178 182 185 188 190 192 192 193 201 204 205 206 207 210 212 213
131 138 142 148 152 156 159 161 161 162 161 160 160 160 160 158 152 152 160 167 172 174 176 176 173 170 165 151 155 166 171 175 183 190 194 200 204 206 207 206 205 206 211 215 217 218 221 222 223 224 224 221 214 203 184 164 144 156 179 196 210 220 225 224 224 222 219 215 213 210 203 194 182 161 140 166 187 189 187 190 193 194 197 198 197 196 197 204 208 210 212 215 216 218
138 144 149 155 160 164 166 167 167 168 168 170 171 170 169 169 164 161 171 177 180 183 183 183 179 178 172 155 163 173 178 181 188 193 198 203 207 211 214 215 216 219 222 224 226 228 230 232 233 234 233 230 223 211 194 172 150 158 180 200 214 224 229 230 230 228 226 223 221 218 213 205 195 177 145 170 195 200 198 198 200 203 205 206 203 201 202 203 207 211 215 218 220 222
145 150 156 161 164 169 172 174 176 177 179 180 180 180 181 180 176 166 179 186 190 191 192 191 189 185 175 159 170 180 183 187 193 198 202 208 214 218 222 224 225 227 230 232 232 234 237 239 240 240 239 236 230 217 197 178 154 162 184 205 217 227 233 235 235 233 232 231 230 227 221 213 192 163 157 182 201 205 206 205 207 209 211 211 211 207 207 208 209 211 215 220 223 225
154 158 164 169 173 175 178 180 183 185 188 187 187 189 190 190 187 180 187 195 199 200 199 198 196 191 180 163 175 186 189 193 199 203 208 215 221 225 228 230 230 233 237 238 238 238 240 242 243 244 243 240 233 222 202 180 155 167 188 207 222 230 237 239 240 239 238 239 238 235 229 212 186 157 171 197 208 212 212 211 212 216 217 218 218 215 213 213 213 214 216 221 225 228
161 166 172 179 182 184 183 185 189 192 195 197 198 199 199 199 195 189 195 203 207 209 209 207 203 197 185 170 181 191 196 201 206 209 214 219 224 229 232 234 235 236 240 242 243 243 243 244 246 246 245 240 233 223 204 180 162 167 190 210 224 234 239 243 244 245 245 246 245 241 234 215 189 159 187 204 214 217 218 218 218 220 221 222 222 221 218 217 216 218 220 221 225 229
