test/input_data/boscastle/boscastle_input_data/boscastle_square_500cm.asc
ncols        1200
nrows        600
xllcorner    209000.000000000000
yllcorner    89000.000000000000
cellsize     5.000000000000
NODATA_value -9999
[rows 336 to 377 of 600, columns 285 to 379 of 1200]
137 138 139 140 140 141 142 143 143 144 145 145 146 147 147 148 149 150 151 151 152 153 153 154 154 155 155 155 155 156 156 156 157 158 158 159 159 160 160 161 161 162 162 163 163 164 165 165 166 166 167 168 168 169 169 170 170 171 171 172 172 172 173 174 174 174 175 175 175 176 175 175 175 176 177 177 178 178 178 178 178 178 178 178 178 178 178 178 178 178 178 178 178 178 178
137 138 139 140 141 142 142 143 144 145 145 146 147 148 148 149 150 151 151 152 153 153 154 155 155 155 156 156 156 156 156 157 158 158 159 160 160 161 161 161 162 163 163 164 164 165 165 165 166 167 167 168 169 169 170 170 171 171 172 172 173 173 173 174 174 175 175 176 176 176 176 175 175 176 177 178 178 178 178 178 179 179 179 179 179 179 179 179 179 179 179 179 179 179 178
138 139 140 141 142 142 143 144 144 145 146 147 147 148 149 150 151 152 152 153 153 154 155 155 156 156 157 157 157 158 158 159 159 160 160 161 161 162 162 162 163 163 163 164 165 165 166 166 167 167 168 169 169 170 170 171 171 172 172 173 173 174 174 175 175 176 176 176 177 177 177 175 175 175 176 178 179 179 179 179 179 179 179 180 180 180 180 180 180 180 180 180 180 180 179
138 139 140 141 142 143 143 144 145 146 146 147 148 149 150 151 151 152 153 153 154 155 155 156 156 157 157 158 158 159 159 159 160 160 160 161 161 162 162 163 163 164 164 165 165 166 166 167 167 168 168 169 170 171 171 172 172 173 173 173 174 174 175 175 176 176 176 177 177 178 178 176 175 176 176 179 179 179 180 180 180 180 180 180 180 180 180 180 180 180 180 180 180 180 180
139 140 141 142 142 143 144 145 145 146 147 148 149 150 150 151 152 153 153 154 155 156 156 157 157 157 158 158 159 159 159 160 160 161 161 162 162 162 162 163 164 164 165 165 166 166 167 167 168 169 169 170 171 171 172 172 173 173 174 174 175 175 176 176 176 177 177 178 178 178 179 179 177 177 179 179 180 180 180 180 180 181 181 181 181 181 181 181 181 181 181 181 181 181 181
139 140 141 142 143 143 144 145 146 147 147 148 149 150 151 152 152 153 154 155 155 156 156 157 158 158 158 159 159 159 159 160 161 161 162 162 162 163 163 164 164 165 165 166 166 167 167 168 169 169 170 171 171 172 172 173 173 174 174 175 175 176 176 177 177 177 178 178 179 179 179 180 180 179 180 180 180 181 181 181 181 181 181 182 182 182 182 182 182 182 182 182 182 182 182
139 141 141 142 143 144 144 145 146 147 148 149 150 151 151 152 153 154 154 155 156 157 157 158 158 159 159 159 159 160 160 161 161 162 162 163 163 164 164 165 165 166 166 167 167 168 168 169 170 170 171 172 172 172 173 173 174 174 175 175 176 176 177 177 178 178 178 179 179 180 180 180 180 180 180 181 181 182 182 182 182 182 182 182 182 183 183 183 183 183 183 183 183 183 183
140 141 142 143 143 144 145 146 146 148 148 149 150 151 152 153 154 154 155 156 156 157 158 158 159 159 159 160 160 160 161 161 162 162 163 163 164 164 165 165 166 166 167 167 168 169 169 170 170 171 171 172 172 173 173 174 174 175 175 176 176 177 177 178 178 179 179 179 180 180 181 181 181 181 182 182 182 182 182 183 183 183 183 183 183 183 183 183 183 183 183 183 183 183 183
140 141 142 143 144 145 145 146 147 148 149 150 151 152 153 153 154 155 156 156 157 158 158 159 159 160 160 160 161 161 161 162 162 163 163 164 164 165 166 166 167 167 168 168 169 170 170 171 171 172 172 173 173 174 174 174 175 175 176 176 177 177 178 178 179 179 180 180 181 181 181 181 181 182 182 183 183 183 183 183 184 184 184 184 184 184 184 184 184 184 184 184 184 184 184
140 141 142 143 144 145 145 147 147 149 149 150 151 152 152 154 154 155 156 157 157 158 158 159 160 160 160 161 161 162 162 162 163 163 164 164 165 166 166 167 167 168 168 169 169 170 171 171 172 172 173 173 174 174 175 175 175 176 176 177 177 178 178 179 179 180 180 181 181 182 182 182 182 183 183 183 183 184 184 184 184 184 184 185 185 185 185 185 185 185 185 185 185 185 185
140 142 142 143 144 145 146 147 148 149 150 151 151 152 153 154 155 156 156 157 158 159 159 160 160 161 161 161 162 162 162 163 163 164 164 165 166 166 167 167 168 169 169 170 170 171 172 172 173 173 174 174 174 175 175 176 176 177 177 178 178 179 179 179 180 180 181 181 182 182 182 182 183 184 184 184 184 184 185 185 185 185 185 185 185 185 186 186 186 186 186 186 186 186 186
140 142 143 144 144 145 146 147 148 149 150 151 151 153 153 154 155 156 157 157 158 159 159 160 161 161 161 162 162 163 163 163 164 164 165 166 166 167 167 168 168 169 170 170 171 172 172 173 173 174 174 175 175 175 176 176 177 177 178 178 179 179 180 180 180 181 181 182 182 183 183 183 184 184 184 184 185 185 185 185 185 186 186 186 186 186 186 186 186 186 186 186 186 186 186
140 142 143 144 145 146 147 148 149 150 150 152 152 153 154 155 155 156 157 158 158 159 160 161 161 162 162 163 163 163 164 164 165 165 166 166 167 167 168 169 169 170 171 171 172 173 173 174 174 175 175 176 176 176 177 177 178 178 179 179 180 180 180 181 181 182 182 182 183 183 183 184 184 185 185 185 185 186 186 186 186 186 187 187 187 187 187 187 187 187 187 187 187 187 187
140 142 143 144 145 146 147 148 149 150 150 152 152 153 154 155 156 157 157 158 159 160 160 161 161 162 163 163 163 164 164 165 165 166 166 167 167 168 168 169 170 171 171 172 172 173 174 174 175 175 176 176 176 177 177 178 178 179 179 180 180 181 181 182 182 182 183 183 184 184 184 184 185 185 185 186 186 186 186 187 187 187 187 187 187 188 188 188 188 188 188 188 188 188 188
140 142 143 144 145 147 147 149 149 150 151 152 153 154 154 155 156 157 158 159 159 160 161 162 162 163 163 164 164 164 165 166 167 167 167 167 168 168 169 170 171 171 172 173 173 174 175 175 176 176 176 177 177 178 178 179 179 180 180 181 181 182 182 182 183 183 184 184 184 185 185 185 185 186 186 186 187 187 187 187 187 188 188 188 188 188 188 189 189 189 189 189 189 189 189
140 142 143 144 145 147 148 149 149 150 151 152 153 154 155 156 156 157 158 159 160 160 161 162 162 163 164 164 164 165 165 166 167 167 168 168 168 169 170 170 171 172 173 173 174 174 175 176 176 177 177 178 178 178 179 179 180 180 181 181 182 182 183 183 183 184 184 185 185 185 185 186 186 186 186 187 187 187 188 188 188 188 188 189 189 189 189 189 189 189 189 189 189 189 189
140 141 143 144 145 147 148 149 150 151 151 152 153 154 155 156 157 158 159 160 160 161 162 162 163 164 164 164 165 165 166 167 167 168 168 169 169 170 170 171 172 173 173 174 175 175 176 176 177 177 178 178 179 179 180 180 180 181 181 182 182 183 184 184 184 185 185 185 186 186 186 187 187 187 187 188 188 188 188 189 189 189 189 189 189 190 190 190 190 190 190 190 190 190 190
140 141 142 144 145 147 148 149 150 151 151 153 153 155 155 156 157 158 159 160 161 161 162 163 163 164 164 165 165 166 166 167 167 168 168 169 170 170 171 172 172 173 174 174 175 176 176 177 177 178 178 179 179 180 180 181 181 182 182 183 183 184 184 185 185 185 185 186 186 186 187 187 187 188 188 188 188 189 189 189 189 189 190 190 190 190 190 191 191 191 191 191 191 191 191
139 141 142 144 145 147 148 149 150 151 152 153 154 155 156 157 158 159 159 160 161 162 162 163 164 164 165 165 166 166 167 167 168 169 169 170 170 171 172 173 173 174 174 175 175 176 177 177 178 178 179 179 180 180 181 181 182 182 183 183 184 184 185 186 186 186 186 187 187 187 188 188 188 189 189 189 189 190 190 190 190 190 190 191 191 191 191 191 192 192 192 192 192 192 192
139 141 142 144 145 147 147 149 150 151 152 153 154 155 156 157 158 159 160 161 161 162 163 163 164 165 165 166 166 167 167 168 168 169 169 170 171 172 172 173 174 174 175 175 176 176 177 178 178 179 179 180 180 181 181 182 182 183 183 184 184 185 185 186 186 186 187 187 188 188 188 188 189 189 189 189 190 190 190 191 191 191 191 191 191 192 192 192 192 192 192 193 193 193 193
139 141 142 144 145 147 147 149 150 151 152 153 154 155 156 157 158 159 160 161 162 163 163 164 165 165 166 166 167 167 168 168 169 169 170 171 171 172 173 174 174 175 176 176 177 177 178 178 179 179 180 180 181 181 182 183 183 184 184 185 185 186 186 187 187 187 188 188 188 189 189 189 190 190 190 191 191 191 191 192 192 192 192 192 192 193 193 193 193 193 193 194 194 194 194
139 141 142 144 145 147 147 149 150 151 152 153 154 155 156 158 158 160 160 161 162 163 164 164 165 166 166 167 167 168 168 168 169 170 170 171 172 173 173 174 174 175 176 177 177 178 178 179 179 180 180 181 181 182 182 183 183 184 185 185 186 186 187 187 187 188 188 189 189 189 190 190 190 191 191 191 191 192 192 192 192 193 193 193 193 193 193 194 194 194 194 194 194 194 194
139 141 143 144 146 147 148 149 150 151 152 153 154 155 156 158 159 160 161 162 163 164 164 165 165 166 167 167 168 168 168 169 170 170 171 172 172 173 173 174 175 176 176 177 178 178 179 180 180 180 181 181 182 182 183 184 184 185 185 186 186 187 187 188 188 189 189 190 190 190 191 191 191 192 192 192 192 192 193 193 193 193 194 194 194 194 194 195 195 195 195 195 195 195 195
139 141 143 145 146 147 148 149 150 151 152 153 154 155 156 158 159 161 161 162 163 164 164 165 166 166 167 168 168 168 169 169 170 171 171 172 172 173 174 175 175 176 177 178 178 179 179 180 180 181 181 182 182 183 183 184 184 185 186 187 187 187 188 188 188 189 190 190 190 191 191 192 192 192 192 193 193 193 193 194 194 194 194 194 195 195 195 195 196 196 196 196 196 196 196
141 143 144 146 146 148 149 150 150 151 152 153 154 155 156 159 160 161 162 163 163 164 165 166 166 167 167 168 168 169 169 170 170 171 171 172 173 174 174 175 176 177 177 178 179 179 180 180 181 182 182 182 183 183 184 185 185 186 186 187 188 188 188 189 189 190 190 191 191 192 192 192 193 193 193 193 194 194 194 194 195 195 195 195 196 196 196 196 196 196 196 197 197 197 197
142 143 145 145 147 149 149 150 151 152 152 153 154 156 158 159 160 161 162 163 164 165 165 166 167 167 168 168 169 169 169 170 171 171 172 173 173 174 175 175 176 177 178 179 179 180 180 181 181 182 182 183 183 184 184 185 186 186 187 188 188 189 189 189 190 191 191 191 192 192 192 193 193 193 194 194 194 195 195 195 195 196 196 196 196 196 197 197 197 197 197 197 197 197 197
143 145 145 147 148 149 150 151 151 152 153 154 157 158 159 160 160 162 162 164 164 165 166 166 167 168 168 169 169 170 170 170 171 172 172 173 174 174 175 176 177 178 178 179 180 180 181 181 182 182 183 183 184 185 185 186 186 187 188 188 189 189 189 190 191 191 192 192 192 193 193 193 194 194 194 195 195 195 196 196 196 197 197 197 197 197 197 197 198 198 198 198 198 198 198
144 145 145 148 149 150 151 151 152 153 154 157 157 158 159 160 161 162 163 164 165 165 166 167 167 168 168 169 170 170 170 171 171 172 173 173 174 175 175 176 177 178 179 180 180 181 181 182 182 183 183 184 184 185 185 186 187 187 188 189 189 190 190 190 191 192 192 192 193 193 193 194 194 195 195 195 196 196 196 196 197 197 197 197 198 198 198 198 198 198 198 198 198 198 198
144 145 148 150 151 152 153 154 155 157 157 158 158 159 160 161 162 163 163 164 165 166 166 167 168 168 169 170 170 170 171 171 172 173 173 174 174 175 176 177 178 179 179 180 180 181 182 182 183 183 184 184 185 186 186 187 187 188 189 189 190 190 190 191 192 192 193 193 193 194 194 195 195 196 196 196 197 197 197 197 198 198 198 198 198 199 199 199 199 199 199 199 199 199 199
145 147 150 151 152 154 155 156 157 158 158 159 159 160 161 162 162 163 164 165 165 166 167 168 168 169 169 170 170 171 171 172 172 173 173 174 175 176 176 177 178 179 180 180 181 181 182 183 183 184 184 185 185 186 186 187 188 189 189 190 190 191 191 192 192 193 193 193 194 194 195 195 196 196 196 197 197 198 198 198 198 198 199 199 199 199 199 199 200 200 200 200 200 200 200
149 151 151 153 154 156 157 158 158 159 159 160 161 161 162 163 163 164 165 165 166 167 167 168 169 169 170 170 171 171 171 172 173 173 174 175 175 176 177 178 179 180 180 181 181 182 183 183 184 184 185 185 186 187 187 188 189 189 190 190 191 191 191 192 193 193 194 194 194 195 195 196 196 197 197 198 198 198 199 199 199 199 199 200 200 200 200 200 200 201 201 201 201 201 201
149 151 152 155 156 157 157 158 159 160 160 161 162 162 163 163 164 165 165 166 167 167 168 169 169 170 170 171 171 172 172 173 173 174 174 175 176 177 177 178 179 180 180 181 182 182 183 184 184 185 185 186 186 187 188 189 189 190 190 191 191 191 192 193 193 194 194 195 195 196 196 197 197 198 198 198 199 199 199 200 200 200 200 200 201 201 201 201 201 201 201 201 202 202 202
150 153 154 155 156 158 159 160 160 161 161 162 163 163 164 164 165 165 166 167 167 168 168 169 170 170 171 171 172 172 172 173 174 174 175 176 176 177 178 179 179 180 181 182 182 183 183 184 185 185 186 187 187 188 188 189 190 191 191 192 192 192 193 194 194 195 195 196 196 197 197 198 198 198 199 199 199 200 200 200 201 201 201 201 201 202 202 202 202 202 202 202 203 203 203
151 153 154 156 157 158 159 160 161 162 162 163 163 164 164 165 165 166 166 167 168 168 169 170 170 171 171 172 172 172 173 174 174 175 175 176 177 178 178 179 180 181 181 182 183 183 184 185 185 186 186 187 188 188 189 190 190 191 191 192 192 192 193 194 195 195 196 196 197 197 197 198 198 199 199 200 200 200 201 201 201 201 201 202 202 202 202 203 203 203 203 203 203 203 204
152 154 155 157 158 160 160 161 162 163 163 164 164 165 165 166 166 167 167 168 168 169 169 170 171 171 172 172 173 173 174 174 175 175 176 177 177 178 179 180 180 181 182 183 183 184 185 185 186 187 187 188 188 189 190 190 191 192 192 193 193 193 194 195 195 196 196 197 197 198 198 199 199 199 200 200 201 201 201 202 202 202 202 203 203 203 203 203 204 204 204 204 204 204 205
153 155 156 158 159 160 161 162 162 163 164 164 165 165 166 166 167 167 168 168 169 169 170 171 171 172 172 173 173 173 174 175 175 176 176 177 178 179 179 180 181 182 182 183 184 185 185 186 186 187 188 188 189 190 190 191 192 192 193 193 193 193 194 195 196 196 197 197 198 198 199 199 199 200 200 201 201 201 202 202 202 203 203 203 203 204 204 204 204 204 205 205 205 205 205
153 156 157 159 160 161 162 163 163 164 165 165 165 166 166 167 167 168 168 169 170 170 171 171 172 172 173 173 174 174 175 175 176 176 177 178 179 179 180 181 182 182 183 184 185 185 186 187 187 188 188 189 190 190 191 192 192 193 193 194 193 194 195 196 196 197 197 198 198 199 199 200 200 200 201 201 202 202 202 203 203 203 204 204 204 204 205 205 205 205 205 205 205 206 206
154 156 158 160 161 162 163 163 164 165 165 166 166 167 167 168 168 169 169 170 170 171 171 172 172 173 173 174 174 175 175 176 176 177 177 178 179 180 181 181 182 183 184 184 185 186 186 187 188 188 189 190 190 191 191 192 193 193 193 194 194 194 195 196 196 197 197 198 198 199 199 200 200 201 201 202 202 202 203 203 203 204 204 204 204 205 205 205 205 205 205 206 206 206 207
155 157 159 161 162 163 163 164 165 166 166 167 167 167 168 168 169 170 170 171 171 172 172 173 173 173 174 174 175 175 176 176 177 177 178 179 180 181 181 182 183 184 184 185 186 187 187 188 188 189 190 190 191 191 192 193 193 194 194 194 194 195 196 196 197 197 198 198 199 199 200 200 201 201 202 202 202 203 203 204 204 204 204 205 205 205 205 205 206 206 206 206 206 207 207
156 158 159 161 162 163 164 165 166 166 167 167 168 168 169 169 170 170 171 171 172 172 172 173 173 174 174 175 175 175 176 177 177 178 178 179 180 181 182 183 183 184 185 186 186 187 188 188 189 190 190 191 191 192 192 193 193 194 194 194 195 195 196 196 197 197 198 199 199 200 200 201 201 202 202 202 203 203 204 204 204 204 205 205 205 205 205 206 206 207 207 207 207 207 207
157 159 161 162 163 164 165 166 166 167 168 168 169 169 170 170 171 171 172 172 172 173 173 173 174 174 175 175 176 176 176 177 178 179 179 180 181 181 182 183 184 185 185 186 187 188 188 189 189 190 191 191 192 192 193 193 194 194 194 195 195 196 196 197 197 198 198 199 199 200 200 201 201 202 202 203 203 204 204 204 205 205 205 205 206 206 206 207 207 207 207 208 208 208 208
158 160 161 163 164 165 166 167 167 168 168 169 169 170 170 171 171 172 172 173 173 173 173 174 174 175 175 176 176 176 177 178 178 179 180 180 181 182 183 184 184 185 186 187 187 188 189 189 190 190 191 191 192 193 193 193 194 194 195 195 195 196 196 197 197 198 199 199 200 200 201 201 202 202 203 203 203 204 204 205 205 205 205 206 206 206 206 207 207 207 207 207 208 208 208
