test/input_data/boscastle/boscastle_input_data/boscastle_square_500cm.asc
ncols        1200
nrows        600
xllcorner    209000.000000000000
yllcorner    89000.000000000000
cellsize     5.000000000000
NODATA_value -9999
[rows 378 to 419 of 600, columns 1045 to 1139 of 1200]
214 214 214 214 213 213 213 213 213 212 212 212 212 211 211 211 210 210 210 209 209 209 208 208 208 207 206 206 205 204 204 203 203 203 202 202 202 201 201 201 200 200 200 199 199 199 199 198 198 197 197 196 195 195 194 191 189 190 191 191 191 191 192 192 192 192 193 194 195 196 196 198 198 199 200 201 201 202 202 203 203 203 204 204 204 205 205 205 205 205 205 206 206 206 206
214 214 214 214 214 214 213 213 213 213 213 212 212 212 211 211 211 210 210 210 209 209 209 208 208 207 207 206 205 205 204 204 203 203 203 202 202 202 201 201 201 200 200 200 199 199 199 198 198 198 197 196 196 194 194 191 189 191 191 191 191 192 192 192 192 193 194 195 195 196 197 198 199 200 200 201 201 202 202 203 203 204 204 204 204 205 205 205 205 206 206 206 206 206 206
215 215 215 215 214 214 214 214 214 213 213 213 213 212 212 212 211 211 211 210 210 210 209 209 209 208 207 206 206 205 205 204 204 203 203 203 202 202 202 201 201 201 200 200 200 199 199 199 199 198 197 196 196 195 194 191 190 191 192 192 192 192 192 193 193 194 195 196 196 197 198 199 199 200 201 201 202 202 203 203 203 204 204 204 205 205 205 205 206 206 206 206 206 207 207
215 215 215 215 215 215 214 214 214 214 214 213 213 213 212 212 212 211 211 211 210 210 210 209 209 208 207 207 206 206 205 204 204 204 203 203 203 202 202 202 201 201 201 200 200 200 199 199 199 198 197 196 196 195 194 191 191 192 192 193 192 192 193 193 193 195 195 196 197 198 198 199 200 201 201 202 202 203 203 203 204 204 204 205 205 205 205 206 206 206 206 206 207 207 207
216 216 216 215 215 215 215 215 215 214 214 214 214 213 213 212 212 212 212 211 211 211 210 210 209 208 208 207 207 206 206 205 205 204 204 203 203 203 202 202 202 201 201 201 200 200 200 199 199 198 198 196 196 195 193 190 191 192 193 193 193 193 193 194 194 195 196 197 197 198 199 200 200 201 202 202 203 203 203 204 204 204 205 205 205 205 206 206 206 206 207 207 207 207 207
216 216 216 216 216 215 215 215 215 215 214 214 214 214 213 213 213 212 212 212 211 211 211 210 210 209 208 208 207 206 206 205 205 204 204 204 203 203 203 202 202 202 201 201 201 200 200 199 199 198 198 197 196 195 194 190 191 192 193 193 194 194 194 194 194 195 196 197 198 199 199 200 201 202 202 202 203 203 204 204 204 205 205 205 205 206 206 206 206 207 207 207 207 207 207
217 217 216 216 216 216 216 216 215 215 215 215 214 214 214 213 213 213 213 212 212 211 211 210 210 209 209 208 208 207 206 206 205 205 205 204 204 203 203 203 203 202 202 201 201 200 200 200 199 198 198 197 196 195 194 191 191 193 193 194 194 194 194 195 195 196 196 198 198 199 200 201 201 202 202 203 203 204 204 204 205 205 205 205 206 206 206 206 207 207 207 207 207 208 208
217 217 217 217 216 216 216 216 216 216 215 215 215 214 214 214 214 213 213 213 212 212 211 211 210 210 209 209 208 207 207 206 206 205 205 204 204 204 203 203 203 202 202 202 201 201 200 200 199 198 198 197 196 195 194 191 191 193 194 194 194 194 195 195 195 196 197 198 199 199 200 201 202 202 203 203 203 204 204 205 205 205 205 206 206 206 206 207 207 207 207 207 208 208 208
218 217 217 217 217 217 217 216 216 216 216 216 215 215 215 214 214 214 213 213 212 212 212 211 211 210 210 209 209 208 207 207 206 206 205 205 204 204 204 203 203 203 202 202 202 201 201 200 199 198 198 197 196 195 195 192 192 194 194 195 194 195 195 196 196 197 197 199 199 200 201 201 202 203 203 204 204 204 204 205 205 206 206 206 206 207 207 207 207 207 208 208 208 208 208
218 218 218 217 217 217 217 217 217 216 216 216 216 215 215 215 215 214 214 213 213 212 212 211 211 211 210 209 209 208 208 207 206 206 206 205 205 204 204 204 203 203 203 202 202 201 201 200 199 198 198 197 196 195 195 194 193 194 195 195 195 195 195 196 196 197 198 199 200 201 201 202 202 203 203 204 204 204 205 205 205 206 206 206 207 207 207 207 207 208 208 208 208 208 208
218 218 218 218 218 217 217 217 217 217 216 216 216 216 215 215 215 214 214 213 213 213 212 212 211 211 210 210 209 209 208 207 207 206 206 205 205 205 204 204 204 203 203 202 202 201 201 200 199 199 198 197 196 195 195 194 193 194 195 195 195 196 196 196 197 198 198 200 200 201 202 202 203 203 204 204 204 205 205 205 206 206 206 207 207 207 207 208 208 208 208 208 209 209 209
219 219 218 218 218 218 218 217 217 217 217 217 216 216 216 215 215 214 214 214 213 213 213 212 212 211 211 210 210 209 208 208 207 207 206 206 205 205 205 204 204 203 203 202 202 201 201 200 199 199 198 197 196 195 195 194 192 195 196 196 196 196 196 197 198 198 199 200 201 201 202 202 203 203 204 204 205 205 205 206 206 206 207 207 207 207 208 208 208 208 208 209 209 209 209
219 219 219 219 218 218 218 218 217 217 217 217 217 217 216 216 215 215 215 214 214 213 213 212 212 211 211 210 210 209 209 208 208 207 207 206 206 205 205 204 204 204 203 203 202 201 201 200 200 199 198 197 196 196 195 194 192 196 196 196 196 197 197 198 198 199 200 200 201 202 203 203 203 204 204 205 205 205 206 206 206 207 207 207 207 208 208 208 208 209 209 209 209 209 209
220 219 219 219 219 218 218 218 218 218 217 217 217 217 216 216 215 215 215 214 214 214 213 213 212 212 211 211 210 209 209 208 208 207 207 206 206 206 205 205 204 204 203 203 202 201 201 200 200 199 198 197 196 196 196 194 193 197 197 197 197 197 197 198 199 200 200 201 202 203 203 203 204 204 204 205 205 206 206 206 206 207 207 207 208 208 208 208 209 209 209 209 209 210 210
220 220 220 219 219 219 219 218 218 218 218 218 217 217 217 216 216 215 215 215 214 214 214 213 213 212 212 211 210 210 209 209 208 208 207 207 206 206 205 205 205 204 204 203 202 201 201 200 200 199 198 197 197 196 195 194 195 197 197 197 197 197 198 199 199 200 201 202 202 203 203 204 204 204 205 205 206 206 206 207 207 207 207 208 208 208 208 209 209 209 209 209 210 210 210
220 220 220 220 219 219 219 219 218 218 218 218 218 217 217 216 216 216 215 215 215 214 214 213 213 212 212 211 211 210 210 209 209 208 208 207 207 206 206 205 205 204 204 203 202 201 201 200 200 199 198 197 197 194 194 194 196 198 198 198 197 198 198 199 200 201 201 202 203 203 204 204 204 205 205 205 206 206 206 207 207 207 208 208 208 208 209 209 209 209 209 210 210 210 210
221 220 220 220 220 219 219 219 219 219 219 218 218 217 217 217 216 216 216 215 215 214 214 213 213 212 212 211 211 210 210 209 209 208 208 207 207 206 206 205 205 204 204 203 202 202 201 200 199 198 198 198 195 196 196 198 198 198 198 198 198 198 198 199 200 201 202 203 203 204 204 205 205 205 206 206 206 206 207 207 207 208 208 208 208 209 209 209 209 210 210 210 210 210 210
221 221 221 220 220 220 220 219 219 219 219 218 218 218 217 217 217 216 216 216 215 215 214 214 213 213 212 212 211 210 210 209 209 208 208 207 207 206 206 205 205 204 203 203 202 202 201 200 199 198 198 196 197 198 198 198 198 199 199 199 199 199 199 199 200 201 202 203 204 204 205 205 205 206 206 206 206 207 207 207 208 208 208 208 209 209 209 209 210 210 210 210 210 211 211
221 221 221 221 220 220 220 220 220 219 219 219 218 218 218 217 217 217 216 216 215 215 214 214 213 213 212 212 211 211 210 210 209 209 208 208 207 207 206 205 205 204 203 203 202 201 201 200 199 198 197 198 198 198 198 198 198 199 199 199 199 199 199 200 201 202 202 203 204 205 205 205 206 206 206 207 207 207 207 208 208 208 208 209 209 209 209 210 210 210 210 210 211 211 211
222 221 221 221 221 220 220 220 220 219 219 219 218 218 218 217 217 217 216 216 215 215 214 214 213 213 212 212 211 211 210 210 209 209 208 208 207 207 206 205 205 204 203 203 202 201 201 200 199 198 198 199 199 199 199 196 197 200 200 200 200 200 200 200 201 202 203 204 204 205 205 206 206 206 206 207 207 207 208 208 208 208 209 209 209 209 210 210 210 210 210 211 211 211 211
222 222 222 221 221 221 221 220 220 219 219 219 219 218 218 218 217 217 217 216 216 215 214 214 213 213 212 212 211 211 210 210 209 209 208 208 207 206 206 205 204 204 203 202 202 201 200 198 199 200 200 200 199 199 200 199 199 200 200 200 200 200 200 201 201 202 203 204 204 205 206 206 206 207 207 207 207 208 208 208 209 209 209 209 210 210 210 210 210 211 211 211 211 211 211
222 222 222 221 221 221 221 220 220 220 219 219 219 218 218 218 217 217 217 216 216 215 214 214 213 213 212 212 211 211 210 210 209 209 208 208 207 206 206 205 204 203 203 202 202 201 201 199 200 200 200 200 200 200 200 200 199 201 201 201 201 201 201 201 201 202 203 204 205 205 206 206 207 207 207 207 208 208 208 209 209 209 209 210 210 210 210 210 211 211 211 211 211 211 211
223 222 222 222 222 221 221 221 220 220 220 219 219 219 218 218 218 217 217 216 216 215 214 214 213 213 212 212 211 211 210 210 209 209 208 207 207 206 205 205 204 203 203 202 202 201 200 201 201 201 201 201 201 201 201 200 201 201 201 201 201 201 201 201 202 203 203 204 205 206 206 207 207 207 207 208 208 208 209 209 209 209 210 210 210 210 211 211 211 211 211 211 212 212 212
223 222 222 222 222 221 221 221 221 220 220 219 219 219 218 218 218 217 217 216 216 215 214 214 213 213 212 212 211 211 210 210 209 208 208 207 206 206 205 204 204 203 202 202 201 200 200 202 202 201 201 201 201 201 202 201 201 201 201 202 201 202 202 202 202 203 204 205 205 206 206 207 207 207 208 208 208 209 209 209 209 210 210 210 210 211 211 211 211 211 211 212 212 212 212
223 223 223 222 222 222 221 221 221 220 220 220 219 219 219 218 218 217 217 216 215 215 214 214 213 212 212 212 211 210 210 209 209 208 207 207 206 205 205 204 203 203 203 200 201 202 202 202 203 202 202 202 202 202 202 202 202 201 202 202 202 202 202 202 203 203 204 205 205 206 207 207 207 208 208 208 209 209 209 209 210 210 210 210 211 211 211 211 211 212 212 212 212 212 212
223 223 223 223 222 222 222 221 221 221 220 220 219 219 219 218 218 217 217 216 216 215 214 213 213 212 212 211 211 210 210 209 209 208 207 206 206 205 204 204 203 203 202 201 203 203 203 203 203 203 203 202 202 202 202 202 202 202 203 203 202 202 203 203 203 204 204 205 205 206 206 207 207 208 208 209 209 209 209 210 210 210 210 211 211 211 211 212 212 212 212 212 212 212 213
224 224 223 223 222 222 222 221 221 221 220 220 220 219 219 218 218 217 217 216 215 215 214 213 213 212 212 211 210 210 209 209 208 207 206 205 205 202 202 201 203 201 201 203 204 204 204 203 203 204 204 204 204 203 203 203 203 203 203 203 203 203 203 204 204 204 205 205 206 206 207 207 208 208 208 209 209 209 210 210 210 211 211 211 211 211 212 212 212 212 212 212 213 213 213
224 224 223 223 223 222 222 222 221 221 221 220 220 219 219 218 218 217 217 216 215 215 214 213 213 212 211 211 210 209 209 208 208 207 206 205 205 204 204 204 203 201 203 204 204 204 204 204 204 205 205 205 204 204 203 203 203 203 203 203 203 203 203 204 204 204 205 205 206 207 207 207 208 209 209 209 209 210 210 210 210 211 212 212 212 212 212 212 212 213 213 213 214 214 214
225 224 224 223 223 223 222 222 222 221 221 220 220 219 219 218 218 217 217 216 215 214 214 213 212 211 211 210 210 209 208 208 207 206 206 205 204 205 205 204 204 204 204 204 205 205 205 205 205 206 206 206 205 205 204 204 204 204 203 203 204 204 204 204 205 205 205 206 206 207 207 207 208 209 209 209 210 210 210 211 211 211 211 212 212 212 212 212 213 213 213 213 213 213 213
225 224 224 223 223 223 223 222 222 221 221 220 220 219 219 218 218 217 217 216 215 214 214 213 212 211 211 210 209 209 208 207 207 206 205 205 205 205 205 205 205 205 205 205 205 205 205 205 205 206 206 206 206 205 205 204 204 204 204 203 203 204 205 204 205 205 205 206 206 207 207 208 208 209 209 210 210 210 211 211 211 211 212 212 212 212 212 213 213 213 213 213 214 214 214
225 225 224 224 224 223 223 223 222 222 221 221 220 220 219 218 218 217 217 216 215 214 213 212 212 211 210 209 209 208 207 206 206 205 206 206 206 205 206 205 205 205 205 205 205 205 206 207 207 207 207 207 207 206 206 205 205 205 204 204 205 206 206 205 205 205 206 206 206 207 208 208 208 209 209 210 210 210 211 211 211 212 212 212 212 213 213 213 213 213 213 214 214 214 214
225 225 225 224 224 224 223 223 222 222 222 221 220 220 219 219 218 217 217 216 215 214 213 212 212 211 210 209 208 208 207 206 206 206 206 206 206 206 206 206 206 206 206 206 206 206 207 207 207 207 207 207 207 206 206 205 205 205 205 205 204 207 207 206 206 206 206 206 207 207 208 208 208 209 209 210 210 211 211 211 212 212 212 212 213 213 213 213 213 214 214 214 214 214 214
226 225 225 225 225 224 224 223 223 222 222 221 221 220 219 219 218 217 217 216 215 214 213 212 211 210 210 209 208 207 207 207 207 207 206 206 206 206 206 206 206 206 206 207 208 208 208 208 208 208 208 208 207 207 206 206 206 206 205 205 205 205 207 207 207 206 207 207 207 207 208 208 209 209 209 210 210 211 211 212 212 212 212 213 213 213 213 214 214 214 214 214 214 214 215
226 226 226 225 225 224 224 224 223 223 222 221 221 220 220 219 218 217 217 216 215 214 213 212 211 210 209 208 208 207 207 207 207 207 207 207 207 207 207 207 206 206 207 207 208 208 209 209 209 209 209 208 208 207 207 206 206 206 206 205 205 205 207 209 207 207 207 207 207 208 208 208 209 209 210 210 210 211 211 212 212 212 213 213 213 214 214 214 214 214 214 214 214 215 215
227 226 226 226 225 225 225 224 224 223 223 222 221 220 220 219 218 217 217 215 215 213 213 212 211 210 209 209 208 208 207 207 207 207 207 207 207 207 207 207 207 207 207 208 209 210 210 210 210 210 210 209 209 208 208 207 207 206 206 206 206 206 206 209 208 207 207 207 207 208 208 209 209 209 210 210 211 211 212 212 212 213 213 213 214 214 214 214 214 214 215 215 215 215 215
227 227 226 226 226 225 225 224 224 223 223 222 222 221 220 219 218 217 217 215 214 213 213 212 211 210 209 209 208 208 208 207 207 207 207 207 207 207 208 207 208 208 208 210 210 210 210 211 211 210 210 210 209 209 208 207 207 207 206 206 206 206 206 208 208 207 207 207 208 208 208 209 209 210 210 210 211 211 212 212 212 213 213 214 214 214 214 214 215 215 215 215 215 215 215
227 227 227 226 226 226 225 225 224 224 223 222 222 221 220 219 218 217 217 215 214 213 213 212 211 209 209 209 209 208 207 208 208 208 208 208 208 208 208 208 208 210 211 211 211 212 212 212 212 211 211 211 210 210 209 208 208 207 207 207 207 206 207 208 208 208 207 208 208 208 208 209 209 210 210 211 211 211 212 212 213 213 213 214 214 214 214 215 215 215 215 215 215 216 216
228 227 227 227 226 226 226 225 225 224 223 223 222 221 220 219 218 217 217 215 214 213 213 211 211 209 209 209 209 208 208 208 208 208 208 208 209 209 209 209 210 211 211 212 212 212 212 212 212 212 212 211 211 210 210 209 208 208 207 207 207 207 207 207 207 208 209 208 208 208 209 209 209 210 210 211 211 212 212 212 213 213 214 214 214 215 215 215 215 215 215 216 216 216 216
228 228 228 227 227 226 226 225 225 224 224 223 222 221 220 219 218 217 216 215 214 213 213 211 211 210 209 209 209 209 208 209 209 209 209 209 209 210 210 211 212 212 213 213 213 213 213 213 213 213 212 212 212 211 211 210 209 209 208 208 208 207 207 208 208 208 208 208 208 209 209 209 209 210 210 211 211 212 212 213 213 213 214 214 214 215 215 215 215 216 216 216 216 216 216
228 228 228 227 227 227 226 226 225 225 224 223 222 221 220 219 218 217 216 215 214 213 213 211 210 210 209 209 209 209 209 209 209 209 209 210 210 210 212 212 213 213 213 213 213 214 213 213 213 213 213 213 212 212 211 210 210 209 209 208 208 208 208 208 208 208 208 208 208 209 209 209 210 210 210 211 211 212 212 213 213 214 214 214 215 215 215 215 216 216 216 216 216 217 217
229 229 228 228 228 227 227 226 226 225 224 223 223 221 220 219 218 217 216 215 214 213 212 211 211 210 210 209 210 210 209 209 209 210 210 210 211 213 213 213 214 214 214 214 214 214 214 214 214 214 213 213 213 212 212 211 211 210 209 209 209 208 208 209 209 209 209 209 209 209 210 210 210 210 211 211 212 212 212 213 213 214 214 214 215 215 215 216 216 216 216 217 217 217 217
229 229 229 228 228 227 227 226 226 225 224 223 223 221 220 219 218 217 216 215 214 213 212 211 211 210 210 210 210 210 210 210 210 210 211 211 212 213 214 214 214 214 214 214 214 214 214 214 214 214 214 213 213 213 212 212 211 211 210 209 209 209 209 209 209 209 209 209 209 210 210 210 210 210 211 211 212 212 213 213 213 214 214 215 215 215 216 216 216 216 217 217 217 217 217
