test/input_data/boscastle/boscastle_input_data/boscastle_square_10m.asc
ncols        600
nrows        300
xllcorner    209000.000000000000
yllcorner    89000.000000000000
cellsize     10.000000000000
NODATA_value -9999
[rows 252 to 293 of 300, columns 190 to 284 of 600]
250 250 251 251 251 252 252 252 253 253 253 253 253 253 254 254 254 254 254 254 254 254 254 254 254 254 254 254 254 254 254 254 254 254 253 253 253 253 253 253 253 252 252 252 252 251 251 251 250 250 249 249 248 248 247 246 245 245 244 243 242 241 240 238 237 235 233 231 229 227 225 223 219 216 212 209 206 204 200 196 193 193 197 201 204 207 209 211 214 215 217 218 220 222 223
250 251 251 251 252 252 252 252 253 253 253 253 253 253 253 253 253 254 254 254 253 253 254 254 254 254 254 254 254 254 254 254 253 253 253 253 253 253 253 252 252 252 252 252 251 251 251 250 250 249 249 248 248 247 246 246 245 244 243 242 241 240 239 238 236 234 233 231 229 227 225 223 220 216 213 210 207 204 201 196 194 195 197 201 205 207 210 212 214 216 217 219 220 222 223
250 251 251 252 252 252 252 252 253 253 253 253 253 253 253 253 253 254 253 254 254 253 253 254 254 254 254 254 254 254 254 253 253 253 253 253 253 252 252 252 252 252 251 251 251 251 250 250 249 249 248 248 247 247 246 245 244 244 243 242 241 240 238 237 236 234 233 231 229 227 225 223 220 216 213 210 207 204 201 197 195 196 197 200 206 208 211 213 214 216 218 219 221 222 224
250 251 251 252 252 252 252 252 252 253 253 253 253 253 253 253 253 253 254 254 253 253 253 253 253 253 253 253 253 253 253 253 253 253 253 253 252 252 252 252 252 251 251 251 251 250 250 250 249 249 248 248 247 246 245 244 244 243 242 242 241 239 238 237 236 234 233 231 229 228 226 224 220 217 214 211 208 205 202 198 194 197 198 202 207 210 213 214 216 217 218 220 221 223 224
250 251 251 252 252 252 252 252 252 253 253 253 253 253 253 253 253 253 253 253 253 253 253 253 253 253 253 253 253 253 253 253 253 253 253 252 252 252 252 251 251 251 251 250 250 250 249 249 249 248 247 247 246 246 245 244 244 243 242 241 240 239 237 236 235 234 233 231 230 228 226 224 221 218 214 211 208 205 202 199 196 197 202 204 208 211 214 216 217 218 219 221 222 223 224
250 251 251 252 252 252 252 252 253 253 253 253 253 253 253 253 253 254 253 254 253 253 253 253 253 253 253 253 253 253 253 253 253 252 252 252 252 252 251 251 251 251 250 250 250 249 249 249 248 247 247 247 246 245 245 244 243 243 242 240 239 238 236 236 235 234 233 231 230 228 226 224 221 218 215 212 208 205 201 199 197 196 201 206 210 213 216 218 219 220 221 222 223 224 225
251 251 251 252 252 252 252 252 253 253 253 253 253 253 253 253 253 253 254 253 253 253 253 253 253 253 253 253 253 253 253 253 252 252 252 252 252 251 251 251 250 250 250 250 249 249 249 248 248 247 247 246 246 245 244 243 243 242 241 239 238 237 236 235 234 233 232 231 230 229 227 224 221 218 215 212 208 205 201 199 197 198 203 208 211 215 217 219 220 222 223 224 224 225 226
251 251 251 252 252 252 252 253 253 253 253 253 253 253 253 253 254 254 253 253 253 253 253 253 253 253 253 253 253 253 253 252 252 252 252 252 251 251 250 250 250 250 250 249 249 248 248 248 247 247 246 246 245 244 244 243 242 241 240 239 238 237 236 235 234 233 232 231 230 229 227 224 221 218 215 211 207 204 201 199 198 201 205 209 213 216 219 220 222 223 224 225 226 227 227
251 251 252 252 252 252 253 253 253 253 253 253 253 253 253 253 254 254 254 254 253 253 253 253 253 253 253 253 253 253 252 252 252 252 252 251 251 250 250 250 250 249 249 249 248 248 248 247 247 246 246 245 244 243 243 242 241 240 239 239 238 237 235 235 234 233 232 231 230 229 227 224 221 218 214 211 207 204 201 199 200 203 207 212 216 217 220 222 223 224 226 227 227 228 229
251 252 252 252 252 253 253 253 253 253 253 253 253 254 253 253 254 254 254 254 253 253 253 253 253 253 253 253 253 252 252 252 252 252 251 251 251 250 250 250 249 249 249 248 248 248 247 247 246 246 245 244 244 243 242 242 241 240 239 238 237 236 235 234 234 233 232 231 230 229 227 224 221 218 214 210 207 204 200 199 202 206 210 214 217 219 222 223 224 226 227 228 229 229 230
252 252 252 252 253 253 253 253 253 253 253 254 254 254 254 254 254 254 254 254 254 253 253 253 253 253 253 253 253 252 252 252 252 251 251 251 251 250 250 250 249 249 248 248 248 247 247 246 246 245 245 244 243 243 242 241 241 239 238 237 237 236 235 234 233 232 232 231 230 228 226 223 220 217 214 210 207 203 199 202 204 209 212 216 219 221 223 224 226 227 228 229 230 230 231
252 252 252 253 253 253 253 253 253 253 254 254 254 254 254 254 254 254 254 254 254 253 254 254 253 253 253 253 253 253 252 252 252 252 251 251 251 250 250 250 249 249 248 248 247 247 246 246 246 245 244 244 243 242 242 241 239 238 237 236 236 235 234 233 233 232 231 230 229 227 225 222 219 215 212 209 206 202 200 203 208 211 215 218 221 223 225 226 227 228 229 230 230 231 232
252 252 252 252 253 253 253 253 253 253 254 254 254 254 254 254 254 254 254 254 254 254 254 254 254 253 253 253 253 252 252 252 252 252 251 251 251 250 250 250 249 249 248 248 247 247 246 246 245 245 244 243 242 242 241 240 238 237 236 236 235 235 234 233 232 231 230 229 228 226 224 221 218 213 211 208 205 203 201 205 211 213 216 220 222 224 226 227 228 229 230 231 232 232 233
252 253 253 253 253 253 253 253 254 254 254 254 254 254 254 254 254 254 254 254 254 254 254 254 254 254 253 253 253 253 252 252 252 252 252 251 251 250 250 250 249 249 248 248 247 247 246 246 245 244 244 243 242 241 240 238 237 236 235 235 234 234 233 231 230 229 229 228 226 224 222 219 214 213 210 206 204 203 202 206 213 215 218 221 223 225 227 228 229 230 231 231 232 233 234
253 253 253 253 254 254 254 254 254 254 254 254 254 255 255 255 255 255 254 254 254 254 254 254 254 254 253 253 253 253 253 252 252 252 252 251 251 250 250 249 249 249 248 248 247 247 246 245 245 244 243 242 241 239 238 237 236 235 235 234 233 233 231 230 229 228 227 226 224 222 220 218 215 212 208 206 205 203 203 209 214 217 220 223 225 226 228 229 230 231 231 232 233 234 234
253 253 253 253 254 254 254 254 254 254 254 255 255 255 255 255 255 255 255 255 255 254 254 254 254 254 254 254 253 253 253 253 252 252 252 251 251 250 250 249 249 248 248 247 247 246 246 245 244 244 243 241 240 239 238 236 235 235 234 233 233 232 230 229 228 227 226 224 222 220 218 216 213 210 208 206 205 203 205 211 216 219 222 224 226 227 229 230 231 231 232 233 234 235 235
253 253 253 254 254 254 254 254 254 255 255 255 255 255 255 255 255 255 255 255 255 255 255 255 255 254 254 254 254 253 253 253 252 252 252 251 251 250 250 249 249 248 248 247 247 246 246 245 244 243 242 241 240 238 237 236 235 234 233 233 232 231 229 228 227 225 224 222 220 218 216 214 212 210 209 207 205 205 208 213 217 221 223 225 227 228 230 231 231 232 233 234 235 235 236
253 253 253 254 254 254 254 254 255 255 255 255 255 255 255 255 255 255 255 255 255 255 255 255 255 254 254 254 254 253 253 253 252 252 252 251 251 250 250 249 249 248 248 247 247 246 245 245 244 243 241 240 239 238 237 236 235 234 233 232 231 230 229 227 226 224 223 221 220 218 217 215 213 211 209 207 206 208 212 216 219 222 224 226 228 229 230 231 232 233 234 235 236 236 237
253 253 253 254 254 254 254 255 255 255 255 255 255 255 255 255 255 255 255 255 255 255 255 255 255 255 254 254 254 254 253 253 252 252 251 251 251 250 250 249 249 248 247 247 246 246 245 244 243 242 241 240 239 238 237 236 235 233 232 231 230 229 228 227 225 224 223 222 220 219 217 216 214 212 208 207 206 210 215 217 221 223 225 227 229 230 231 232 233 234 234 235 236 237 238
253 253 253 254 254 254 255 255 255 255 255 255 255 255 255 255 255 255 255 255 255 255 255 255 255 255 255 254 254 254 253 253 253 252 252 251 251 250 250 249 248 248 247 246 246 245 245 244 243 242 241 240 239 238 237 236 234 233 232 231 230 229 228 227 227 225 224 223 222 220 219 217 215 213 210 207 208 213 216 219 222 224 226 228 229 231 232 233 233 234 235 236 237 238 238
253 253 253 254 254 254 255 255 255 255 255 255 255 255 255 255 255 255 255 255 255 255 255 255 255 255 255 254 254 254 253 253 253 252 252 251 251 250 249 249 248 248 247 246 246 245 244 243 242 242 241 240 239 237 237 236 235 233 232 231 230 230 229 228 227 226 225 224 223 222 220 219 217 214 212 208 209 213 217 220 222 225 227 228 230 231 233 233 234 235 236 237 238 238 239
253 253 254 254 254 254 255 255 255 255 255 255 255 255 255 255 255 255 255 255 255 255 255 255 255 255 255 254 254 254 253 253 253 252 252 251 250 250 249 249 248 248 247 246 245 245 244 243 242 241 240 239 238 237 237 236 235 234 233 232 231 230 229 229 228 227 226 225 224 223 222 220 218 215 211 208 209 214 218 221 223 226 227 229 231 232 233 234 235 235 236 237 238 239 240
253 253 254 254 254 254 255 255 255 255 255 255 255 255 255 255 255 255 255 255 255 255 255 255 255 255 255 254 254 254 253 253 253 252 252 251 250 250 249 249 248 248 247 246 245 245 244 243 242 241 240 239 238 237 237 236 235 234 234 233 232 231 230 230 229 228 227 226 225 224 223 221 219 215 210 210 211 216 219 222 224 226 228 230 231 232 233 234 235 236 237 238 239 240 240
253 253 254 254 254 255 255 255 255 255 255 255 255 255 255 255 255 255 255 255 255 255 255 255 255 255 255 254 254 254 253 253 253 252 252 251 251 250 249 249 248 248 247 246 245 245 244 243 242 241 241 239 239 238 237 236 236 235 234 233 233 232 231 230 229 229 228 227 226 225 224 222 219 215 211 211 213 216 219 222 225 227 229 230 231 232 233 234 236 237 238 239 239 240 241
253 253 254 254 254 255 255 255 255 255 255 255 255 255 255 255 255 255 255 255 255 255 255 255 255 255 255 254 254 254 253 253 253 252 252 251 251 250 249 249 248 248 247 246 245 245 244 243 243 242 240 239 239 238 238 237 236 236 235 234 233 232 232 231 230 230 229 228 227 226 224 221 218 214 211 212 214 216 219 222 225 227 229 230 231 233 234 235 236 237 238 239 240 241 241
253 254 254 254 254 255 255 255 255 255 255 255 255 255 255 255 255 255 255 255 255 255 255 255 255 255 255 255 254 254 254 253 253 252 252 251 251 250 249 249 248 248 247 246 246 245 244 244 242 241 241 240 239 238 238 237 236 236 235 234 234 233 232 232 231 230 230 229 228 226 223 221 218 215 212 213 215 217 219 222 225 227 229 230 232 233 234 236 237 238 239 240 240 241 242
253 254 254 254 254 255 255 255 255 255 255 255 255 255 255 255 255 255 255 255 255 255 255 255 255 255 255 255 254 254 254 253 253 252 252 251 251 250 250 249 248 247 246 245 246 245 244 243 243 242 241 241 239 238 238 237 237 236 236 235 234 234 233 232 231 231 230 228 227 225 222 220 218 215 213 214 216 218 220 222 225 227 228 230 232 233 235 236 237 238 239 240 241 242 243
254 254 254 254 255 255 255 255 255 255 255 255 255 255 255 255 255 255 255 255 255 255 255 255 255 255 255 254 254 254 254 253 253 252 252 251 251 250 250 249 248 248 246 245 245 244 243 243 243 242 241 240 239 238 238 237 237 236 236 235 234 234 233 232 231 230 229 227 225 223 221 219 217 215 213 215 216 218 220 223 225 227 228 230 232 233 235 236 237 238 239 240 241 242 243
254 254 254 255 255 255 255 255 255 255 255 255 255 255 255 255 255 255 255 255 255 255 255 255 255 255 255 255 254 254 254 253 253 252 252 251 251 251 250 249 249 248 247 245 245 245 244 243 242 242 241 240 239 239 238 238 237 237 236 235 234 234 232 232 231 229 228 226 224 222 221 219 218 216 214 216 217 219 221 223 225 227 228 230 232 233 234 236 237 238 239 240 241 242 243
254 254 254 255 255 255 255 255 255 255 255 255 255 255 255 255 255 255 255 255 255 255 255 255 255 255 255 255 254 254 254 253 253 253 252 252 251 251 250 250 249 248 247 246 246 245 244 243 243 242 241 240 240 239 238 238 237 236 236 235 234 233 232 231 230 228 227 225 224 222 221 220 218 217 215 216 218 219 221 223 225 227 228 230 231 233 234 236 237 238 239 240 241 242 243
254 254 254 255 255 255 255 255 255 255 255 255 255 255 255 255 255 255 255 255 255 255 255 255 255 255 255 255 254 254 254 253 253 253 252 252 251 251 250 250 249 249 248 247 247 246 245 244 243 242 241 241 240 239 238 238 237 236 236 235 234 233 232 230 229 228 226 225 224 222 221 220 219 217 215 217 218 220 221 223 224 226 228 229 231 232 234 235 236 238 239 240 241 242 243
254 254 254 255 255 255 255 255 255 255 255 255 255 255 255 255 255 255 255 255 255 255 255 255 255 255 255 255 254 254 254 254 253 253 253 252 252 251 250 250 249 248 248 248 247 247 246 245 244 242 242 241 240 239 238 238 237 236 235 234 233 232 231 230 229 228 227 225 224 223 221 220 219 217 215 217 218 220 221 223 224 226 227 229 230 232 233 235 236 237 239 240 241 242 243
254 254 254 255 255 255 255 255 255 255 255 255 255 255 255 255 255 255 255 255 255 255 255 255 255 255 255 255 254 254 254 254 253 253 253 252 251 251 250 250 249 249 248 248 247 246 245 245 245 243 243 241 240 239 238 237 236 236 235 234 233 232 231 230 229 228 227 226 225 224 222 221 219 217 217 218 218 219 221 223 225 226 227 229 230 231 233 235 236 237 239 240 241 242 243
254 254 254 255 255 255 255 255 255 255 255 255 255 255 255 255 255 255 255 255 255 255 255 255 255 255 255 255 254 254 254 254 253 253 252 252 251 251 250 249 249 248 248 248 247 246 245 245 245 243 243 242 240 239 238 237 236 236 235 234 233 233 232 231 230 229 228 227 226 225 223 222 220 218 216 217 218 220 221 223 224 226 227 229 230 231 233 235 236 237 239 240 241 242 243
254 254 255 255 255 255 255 255 255 255 255 255 255 255 255 255 255 255 255 255 255 255 255 255 255 255 255 255 255 254 254 254 253 253 253 252 251 250 250 249 249 248 248 247 247 246 246 245 245 243 242 242 240 239 238 237 236 236 235 234 233 233 232 231 230 229 228 228 226 225 224 222 221 219 219 219 220 221 222 223 224 226 227 228 230 231 233 235 236 238 239 240 241 242 243
254 255 255 255 255 255 255 255 255 255 255 255 255 255 255 255 255 255 255 255 255 255 255 255 255 255 255 255 255 254 254 254 253 252 251 251 251 251 250 249 249 248 248 247 247 246 245 246 245 243 242 241 240 240 238 237 237 236 235 235 234 233 232 232 231 230 229 228 227 226 225 224 222 221 220 220 221 222 222 223 224 226 227 229 230 232 233 235 237 238 240 241 241 242 243
254 255 255 255 255 255 255 255 255 255 255 255 255 255 255 255 255 255 255 255 255 255 255 255 255 255 255 255 255 254 253 253 252 253 252 252 252 251 250 249 249 248 248 247 246 246 245 245 244 243 241 241 240 240 238 237 237 236 236 235 234 234 233 233 232 231 230 229 228 227 226 225 224 223 221 221 222 222 223 223 225 226 227 228 230 231 233 235 237 238 239 240 241 241 243
254 255 255 255 255 255 255 255 255 255 255 255 255 255 255 255 255 255 255 255 255 255 255 255 255 255 255 255 254 254 254 254 253 253 253 252 251 251 250 249 249 248 248 247 246 246 245 245 244 243 242 241 240 240 239 238 238 237 236 236 235 234 234 233 233 232 231 230 229 228 227 226 225 224 224 222 222 223 224 224 225 226 227 228 229 231 233 235 237 237 239 240 240 241 242
255 255 255 255 255 255 255 255 255 255 255 255 255 255 255 255 255 255 255 255 255 255 255 255 255 255 255 255 255 255 254 254 253 253 252 252 251 251 250 249 249 248 248 247 246 246 245 245 244 243 243 241 241 240 240 239 238 237 237 237 236 235 235 234 233 233 232 231 230 229 228 227 226 224 223 223 223 224 224 225 226 226 227 228 229 231 232 234 236 237 238 239 240 241 242
254 255 255 255 255 255 255 255 255 255 255 255 255 255 255 255 255 255 255 255 255 255 255 255 255 255 255 255 255 255 254 254 253 253 252 252 251 251 250 250 249 248 248 247 247 246 246 245 244 244 243 242 241 241 240 239 239 238 238 237 237 236 236 235 234 234 233 232 232 230 229 228 226 225 224 224 225 224 225 225 226 227 227 228 228 229 231 233 235 237 238 239 239 242 242
254 254 255 255 255 255 255 255 255 255 255 255 255 255 255 255 255 255 255 255 255 255 255 255 255 255 255 255 255 255 254 254 253 253 252 252 251 251 250 250 249 248 248 247 247 246 246 245 245 244 243 243 242 241 241 240 240 239 239 238 238 237 237 236 235 235 234 233 233 231 230 228 227 227 225 226 227 226 226 227 227 227 228 230 230 231 232 233 235 236 237 238 239 240 242
254 254 255 255 255 255 255 255 255 255 255 255 255 255 255 255 255 255 255 255 255 255 255 255 255 255 255 255 255 254 254 254 253 253 252 252 251 251 250 250 249 249 248 248 247 247 246 246 245 244 244 243 243 242 242 241 241 240 240 239 239 238 238 237 237 236 235 234 233 232 231 229 228 227 226 226 227 227 227 227 227 228 229 230 230 231 232 233 234 236 237 238 239 240 241
