test/input_data/boscastle/boscastle_input_data/boscastle_square_500cm.asc
ncols        1200
nrows        600
xllcorner    209000.000000000000
yllcorner    89000.000000000000
cellsize     5.000000000000
NODATA_value -9999
[rows 378 to 419 of 600, columns 190 to 284 of 1200]
169 169 170 171 171 172 172 173 173 174 174 173 174 175 175 175 175 176 176 176 176 176 177 177 177 177 177 178 178 178 178 179 179 179 179 179 179 179 179 180 180 180 179 179 179 179 179 179 179 178 178 178 178 177 174 176 176 176 176 176 175 175 174 174 173 173 173 172 171 171 170 170 169 169 168 167 166 165 164 162 160 159 158 156 153 151 149 146 144 144 147 150 154 155 157
170 170 171 172 172 173 173 173 174 174 175 174 175 175 176 176 176 176 176 177 177 177 177 177 178 178 178 178 178 179 179 179 179 180 180 180 180 180 180 180 180 180 180 180 180 180 180 179 179 179 179 178 178 178 175 176 177 177 177 176 176 176 175 175 174 174 173 173 172 172 171 171 170 169 169 168 167 166 164 163 161 160 158 157 153 152 149 146 145 145 149 151 154 156 158
171 172 172 173 173 174 174 174 175 175 176 176 176 176 176 177 177 177 177 177 178 178 178 178 178 179 179 179 179 179 180 180 180 180 180 180 181 181 181 181 181 181 181 181 181 181 180 180 180 180 179 179 179 179 176 177 178 178 178 177 177 177 176 176 175 175 174 174 173 173 172 171 171 170 169 169 167 166 165 163 162 160 159 158 154 152 150 147 145 147 150 151 155 157 159
172 172 173 173 174 175 175 175 176 176 176 176 177 177 177 177 177 178 178 178 178 178 179 179 179 179 180 180 180 180 180 180 181 181 181 181 181 181 181 181 181 181 181 181 181 181 181 181 181 180 180 180 180 178 176 178 179 178 178 178 177 177 177 176 176 175 175 175 174 173 173 172 171 171 170 169 168 167 165 164 162 161 159 158 154 152 150 148 146 147 150 152 155 157 159
173 174 174 175 175 175 176 176 176 177 177 177 178 177 178 178 178 179 179 179 179 180 180 180 180 180 181 181 181 181 181 181 181 182 182 182 182 182 182 182 182 182 182 182 182 182 182 182 181 181 181 181 181 180 177 178 179 179 179 179 178 178 177 177 177 176 176 176 175 174 174 173 172 172 171 170 169 168 166 165 163 161 160 159 155 153 150 148 146 149 152 154 156 158 161
174 174 175 175 176 176 176 177 177 177 177 178 178 178 178 178 179 179 180 180 180 180 181 181 181 181 181 181 182 182 182 182 182 182 182 182 182 182 182 182 182 182 182 182 182 182 182 182 182 182 181 181 181 180 177 179 180 180 179 179 179 178 178 178 177 177 176 176 175 175 174 174 173 172 171 170 169 168 166 165 163 162 160 159 155 154 151 148 147 149 152 155 157 159 161
174 175 175 176 176 177 177 177 178 178 178 178 179 179 180 179 180 180 181 181 181 181 182 182 182 182 183 183 183 183 183 183 183 183 183 183 183 183 183 183 183 183 183 183 183 183 183 183 183 182 182 182 182 182 178 179 181 181 180 180 179 179 178 178 178 178 177 177 176 176 175 174 174 173 172 171 170 169 167 166 163 162 160 159 156 154 151 149 148 150 153 155 158 160 162
175 175 176 176 177 177 177 178 178 178 179 179 179 180 180 180 180 181 181 182 182 182 183 183 183 183 183 184 184 184 184 184 184 184 184 184 184 184 184 184 184 184 183 183 183 183 183 183 183 183 183 183 182 182 179 181 181 181 181 180 180 179 179 178 178 178 178 177 177 176 176 175 174 173 172 172 170 169 167 166 164 162 160 160 156 154 151 149 149 151 154 156 159 160 163
176 176 177 177 177 177 178 178 179 179 180 180 180 180 181 181 181 182 182 183 183 183 184 184 184 185 185 185 185 185 185 185 185 185 185 185 185 185 185 184 184 184 184 184 184 184 184 184 184 184 183 183 183 183 180 181 182 182 182 181 180 180 179 179 179 179 178 178 177 177 176 176 175 174 173 172 171 170 168 166 164 163 161 160 156 154 152 149 149 152 155 157 160 161 163
176 177 177 177 178 178 179 179 179 180 180 180 181 181 182 182 182 182 183 183 184 184 184 185 185 185 186 186 186 186 186 186 186 186 185 185 185 185 185 185 185 185 185 185 185 185 185 185 184 184 184 184 184 184 181 181 183 183 182 182 181 181 180 180 179 179 179 178 178 177 177 176 175 174 173 173 171 170 168 167 164 163 161 160 156 155 151 149 150 153 156 158 160 161 164
178 178 178 178 179 179 180 180 180 181 181 181 182 182 182 183 183 183 184 184 185 185 186 186 186 187 187 187 187 187 187 187 187 187 187 186 186 186 186 186 186 186 186 186 186 186 186 185 185 185 185 185 184 184 184 181 184 183 183 183 182 182 181 181 180 180 179 179 179 178 177 177 176 175 174 173 171 170 168 167 165 163 162 160 157 155 150 150 151 154 157 159 161 163 165
178 178 179 179 180 180 180 181 181 181 182 182 182 183 183 183 184 184 184 185 185 186 186 186 187 187 188 188 188 188 188 188 188 188 187 187 187 187 187 187 187 187 187 186 186 186 186 186 186 186 185 185 185 185 184 182 184 184 184 183 183 182 182 181 181 180 180 180 179 178 178 177 176 175 174 173 172 170 168 167 165 164 162 161 157 155 152 150 152 155 157 159 161 163 166
179 180 180 180 181 181 182 182 183 183 183 183 184 184 184 185 185 185 185 186 186 187 187 187 188 188 188 188 188 188 188 188 188 188 188 188 188 188 188 188 188 188 188 188 187 187 187 187 187 187 186 186 186 186 186 183 184 185 185 184 184 183 183 182 182 181 181 180 180 179 178 178 176 176 175 174 172 171 169 168 166 164 162 162 158 156 153 151 153 155 158 160 162 164 166
180 180 181 181 182 182 183 184 184 185 184 184 185 186 186 186 186 186 186 187 187 187 188 188 188 189 189 189 189 189 189 189 189 189 189 189 189 189 189 189 189 188 188 188 188 188 188 188 188 187 187 187 187 187 186 184 184 186 185 185 185 184 183 183 182 182 181 181 180 179 178 178 177 176 175 174 172 171 169 168 166 165 163 162 158 156 153 151 153 155 158 160 163 165 167
181 182 182 183 183 184 185 185 186 186 186 187 187 187 187 187 187 188 188 188 188 188 189 189 189 189 189 189 190 190 190 190 190 190 190 190 190 190 190 190 189 189 189 189 189 189 189 189 189 188 188 188 188 188 188 186 184 186 186 186 185 185 184 184 183 183 182 181 181 180 179 178 177 177 175 174 173 172 170 168 166 165 163 163 159 157 153 152 154 154 158 160 164 165 168
182 182 183 184 184 185 186 186 187 187 187 187 188 188 188 188 188 189 189 189 189 189 190 190 190 190 190 190 190 190 190 190 190 190 191 191 190 190 190 190 190 190 190 190 189 189 189 189 189 189 189 189 188 188 188 187 185 186 187 187 186 186 185 185 184 183 182 182 181 180 179 179 177 177 176 175 173 172 170 169 167 166 164 163 159 157 154 152 154 155 158 161 164 165 168
183 183 184 184 185 186 186 187 187 188 188 188 189 189 189 189 190 190 190 190 191 191 191 191 191 191 191 191 191 191 191 191 191 191 191 191 191 191 191 191 191 191 191 191 190 190 190 190 190 190 190 190 189 189 189 189 186 187 188 188 187 187 186 186 185 184 183 183 182 181 180 179 178 177 176 175 173 172 170 169 167 166 164 164 160 158 155 153 154 156 160 162 165 166 169
184 184 185 185 186 186 187 188 188 188 189 189 189 190 190 190 191 191 191 191 191 191 192 192 192 192 192 192 192 192 192 192 192 192 192 192 192 192 192 192 192 191 191 191 191 191 191 191 190 190 190 190 190 190 190 190 187 187 188 188 188 187 187 186 185 185 184 183 183 181 181 180 178 177 176 175 174 172 170 169 168 166 165 164 160 158 155 155 154 157 161 163 165 167 169
185 185 186 186 187 187 188 189 189 189 190 190 191 191 191 191 192 192 192 192 193 193 193 193 193 193 193 193 192 192 193 193 193 193 193 193 193 193 193 193 192 192 192 192 192 192 192 191 191 191 191 191 191 191 191 191 188 187 189 189 188 188 187 187 186 186 185 184 183 182 181 181 179 178 177 175 174 173 171 170 168 167 165 163 160 158 156 155 156 159 162 164 166 168 170
185 186 186 187 188 188 189 189 190 190 190 191 191 192 192 192 192 193 193 193 193 193 193 193 193 193 193 193 193 193 193 193 193 193 193 193 193 193 193 193 193 193 193 193 192 192 192 192 192 192 192 192 192 192 191 191 189 188 189 190 189 188 188 188 187 186 185 185 184 183 181 181 179 178 177 176 174 173 171 170 168 167 165 163 161 158 156 155 157 160 163 164 167 168 170
186 187 187 188 189 189 190 191 191 191 192 192 192 193 193 193 193 194 194 194 194 194 194 194 194 194 194 194 194 194 194 194 194 194 194 194 194 194 194 194 194 194 194 193 193 193 193 193 193 193 193 193 192 192 192 192 191 189 190 190 190 189 189 188 187 187 186 185 184 184 182 181 180 179 177 176 175 174 172 171 169 168 166 164 161 160 156 156 158 161 163 165 167 169 171
187 187 188 189 190 190 191 191 192 192 192 193 193 193 194 194 194 194 195 195 195 195 195 195 195 195 195 195 195 195 195 195 195 195 195 195 195 195 194 194 194 194 194 194 194 194 194 194 193 193 193 193 193 193 192 192 192 189 190 191 190 190 189 189 188 187 186 186 185 184 182 182 180 179 178 177 175 174 172 171 169 168 167 165 161 160 156 156 159 161 164 165 168 169 171
188 188 189 190 191 191 192 192 193 193 194 194 194 194 195 195 195 195 195 196 196 196 196 196 196 196 196 196 196 196 196 196 196 196 196 196 195 195 195 195 195 195 195 195 195 195 194 194 194 194 194 194 193 193 193 193 193 191 191 191 191 190 190 189 189 188 187 186 185 185 183 182 181 180 178 177 176 175 173 172 170 169 167 165 162 160 157 157 160 162 164 166 168 170 172
188 189 190 191 192 192 193 193 193 194 194 194 195 195 195 196 196 196 196 196 196 197 197 197 197 197 197 197 197 197 197 197 197 197 196 196 196 196 196 196 196 195 195 195 195 195 195 195 195 195 194 194 194 194 193 193 193 192 191 192 191 191 190 190 189 188 188 187 186 185 183 183 181 180 179 178 176 175 173 172 170 169 167 166 162 160 157 158 160 162 165 166 169 170 173
190 190 191 192 193 193 194 194 195 195 195 196 196 196 197 197 197 197 197 197 197 198 198 198 198 198 198 198 198 198 198 198 198 198 197 197 197 197 197 197 197 197 196 196 196 196 196 196 196 195 195 195 195 195 194 194 194 192 192 192 192 192 191 191 190 189 188 188 187 186 184 183 182 181 180 178 177 175 174 172 171 169 168 166 162 160 158 158 161 163 165 167 169 171 173
191 191 192 193 193 194 194 195 195 196 196 196 197 197 197 197 198 198 198 198 198 198 199 199 199 199 199 199 199 199 199 199 199 198 198 198 198 198 198 198 197 197 197 197 197 197 197 196 196 196 196 196 195 195 195 194 194 193 192 193 192 192 192 191 190 190 189 188 187 186 185 184 182 182 180 179 177 176 174 173 171 170 168 167 163 161 159 158 161 163 166 167 169 171 174
192 192 193 194 194 195 195 196 196 197 197 197 198 198 198 199 199 199 199 199 200 200 200 200 200 200 200 200 200 200 200 200 199 199 199 199 199 199 199 199 198 198 198 198 198 198 197 197 197 197 197 196 196 196 196 195 195 194 193 193 193 193 192 192 191 190 189 189 188 187 185 184 183 182 180 179 177 176 174 173 171 170 169 168 163 162 159 158 162 164 166 168 170 172 174
193 193 194 194 195 195 196 196 197 197 198 198 198 199 199 199 200 200 200 200 200 200 201 201 201 201 201 201 201 200 200 200 200 200 200 200 199 199 199 199 199 199 199 198 198 198 198 198 198 197 197 197 197 197 196 196 196 196 193 194 194 193 193 192 191 191 190 189 188 187 186 185 184 183 181 180 178 177 175 174 172 171 169 168 164 162 159 158 162 164 166 168 170 172 174
194 194 195 195 196 196 197 197 198 198 199 199 200 200 200 200 201 201 201 201 202 202 202 202 202 202 202 202 202 201 201 201 201 201 201 201 201 201 201 201 201 200 200 200 199 199 199 198 198 198 198 198 198 197 197 197 196 196 194 195 194 194 193 193 192 191 190 190 188 188 186 185 184 183 182 180 178 177 175 174 172 171 169 169 165 163 159 159 162 164 167 169 171 172 175
194 195 195 196 196 197 198 198 199 199 200 200 200 201 201 201 201 202 202 202 202 202 202 203 203 203 203 202 202 202 202 202 202 202 202 202 202 202 202 202 201 201 201 201 200 200 200 200 199 199 198 198 198 198 197 197 197 196 194 195 195 195 194 193 192 192 191 190 189 188 186 185 184 183 182 181 179 177 176 175 173 172 170 169 166 164 160 160 162 165 168 169 171 173 175
195 195 196 197 197 198 199 199 200 200 201 201 201 202 202 202 202 203 203 203 203 204 204 203 204 204 204 203 203 203 203 203 203 203 203 203 203 203 203 203 202 202 202 202 202 201 201 201 200 200 200 199 199 199 198 198 198 197 195 196 196 195 194 194 193 192 191 191 189 189 187 186 185 184 182 181 179 178 176 175 173 172 170 169 167 164 162 160 162 164 168 169 172 173 176
196 196 196 197 198 198 199 200 200 201 201 201 202 202 203 203 203 203 204 204 204 204 205 204 204 204 204 204 204 204 204 204 204 204 203 203 203 203 203 203 203 203 203 203 202 202 202 201 201 201 200 200 200 199 199 199 198 198 196 196 196 196 195 194 194 193 192 191 190 189 188 186 185 184 183 182 180 178 177 176 174 172 171 169 168 165 163 161 161 164 168 170 172 174 176
197 197 198 198 199 199 200 201 201 202 202 202 203 203 204 204 204 205 205 205 205 205 205 205 205 205 205 205 205 205 205 205 205 205 205 205 205 205 205 204 204 204 204 204 203 203 203 203 202 202 202 201 201 200 200 200 199 199 196 197 197 197 196 195 194 194 192 192 190 190 188 187 186 185 183 182 180 179 177 176 174 173 171 170 169 166 163 161 162 165 168 170 173 175 178
197 198 198 199 200 200 201 201 202 202 203 203 204 204 204 205 205 205 205 206 206 206 206 206 206 206 206 206 206 206 206 206 206 206 206 205 205 205 205 205 205 205 205 204 204 204 204 203 203 203 202 202 201 201 200 200 200 199 197 197 197 197 196 196 195 194 193 192 191 190 189 188 186 185 183 182 181 179 178 177 175 174 172 170 169 166 164 162 163 165 169 171 174 175 178
198 199 200 200 201 201 202 202 203 203 204 204 205 205 205 206 206 206 206 206 206 207 207 207 207 207 207 207 207 207 207 207 207 207 207 207 207 206 206 206 206 206 206 206 205 205 205 204 204 204 203 203 202 202 201 201 201 200 198 197 198 198 197 197 196 195 194 193 192 191 190 188 187 186 184 183 181 180 178 177 175 174 172 171 169 167 165 163 163 164 169 171 174 176 179
199 200 200 201 201 202 202 203 204 204 205 205 205 206 206 206 206 207 207 207 207 207 207 207 207 207 207 208 208 208 208 208 208 208 208 208 207 207 207 207 207 207 206 206 206 206 205 205 205 204 204 203 203 202 202 202 201 201 199 198 198 198 198 197 196 195 194 193 192 191 190 189 187 186 184 183 182 180 179 178 176 175 173 171 170 169 165 163 163 164 170 172 175 176 179
200 201 202 202 202 202 204 204 205 205 205 206 206 207 207 207 207 207 208 208 208 208 208 208 208 208 209 209 209 209 209 209 209 209 209 209 208 208 208 208 208 208 207 207 207 207 206 206 205 205 204 204 204 203 203 202 202 201 200 199 199 199 198 198 197 196 195 194 193 192 191 189 188 187 185 184 182 181 179 178 176 175 173 172 170 169 166 165 163 166 170 172 175 177 180
201 202 202 202 203 203 204 205 205 206 206 206 207 207 208 208 208 208 208 208 208 209 209 209 209 209 209 209 209 210 210 210 210 210 209 209 209 209 209 208 208 208 208 208 208 207 207 206 206 206 205 205 204 204 203 203 202 202 201 199 199 200 199 198 197 196 195 194 193 192 191 190 188 187 185 184 183 181 180 179 177 175 173 172 170 169 166 166 164 167 171 173 176 178 181
202 202 203 203 204 205 205 206 206 207 207 207 208 208 208 209 209 209 209 209 210 210 210 210 210 210 210 211 211 211 211 211 211 211 210 210 210 210 209 209 209 209 209 209 208 208 208 207 207 207 206 205 205 205 204 204 203 203 202 200 200 200 199 199 198 197 196 195 194 193 191 190 189 188 186 185 183 182 180 179 177 176 174 173 171 169 167 165 166 169 172 174 177 178 181
203 203 204 204 205 205 206 206 207 207 208 208 208 209 209 209 210 210 210 210 210 211 211 211 211 211 211 211 211 211 211 211 211 211 211 211 211 210 210 210 210 210 209 209 209 209 208 208 207 207 206 206 205 205 204 204 203 203 202 201 200 200 200 199 198 197 196 195 194 193 192 191 189 188 187 185 184 182 181 179 177 176 174 173 171 169 167 165 167 170 173 174 177 179 181
204 204 205 205 206 206 207 207 208 208 209 209 209 210 210 210 211 211 211 211 212 212 212 212 212 212 212 212 212 212 212 212 212 212 212 212 212 211 211 211 210 210 210 210 210 209 209 209 208 208 207 207 206 206 205 205 204 204 203 201 201 201 200 200 199 198 197 196 194 193 192 191 190 189 187 186 184 183 181 180 178 177 175 173 171 169 166 166 169 171 174 176 178 180 182
204 205 206 206 207 207 208 208 208 209 209 210 210 210 211 211 211 212 212 212 212 213 213 213 213 213 213 213 213 213 213 213 213 213 212 212 212 212 212 211 211 211 211 210 210 210 209 209 209 208 208 207 207 206 206 205 204 204 203 202 201 201 201 200 199 198 197 196 195 194 193 192 190 189 187 186 185 183 181 180 178 177 175 174 171 169 166 167 170 172 175 177 179 181 183
