test/input_data/boscastle/boscastle_input_data/boscastle_flipped_lr_50m.asc
ncols        120
nrows        60
xllcorner    209000.000000000000
yllcorner    89000.000000000000
cellsize     50.000000000000
NODATA_value -9999
[rows 0 to 41 of 60, columns 0 to 93 of 120]
199 200 199 199 199 200 201 202 203 203 204 204 205 205 205 207 207 208 209 211 211 212 211 211 211 211 210 208 205 202 199 197 195 195 195 195 195 195 195 194 193 192 190 188 186 184 182 179 177 175 171 169 167 166 164 161 157 154 152 151 149 148 143 140 137 134 129 124 118 112 109 108 109 108 109 108 101 85 69 58 56 53 53 40 0 0 0 0 0 0 0 0 0 0
199 199 199 199 199 200 200 201 202 202 203 202 203 203 203 204 204 205 206 208 209 209 209 208 208 208 206 204 201 198 195 192 190 189 189 189 189 192 192 192 191 190 188 186 184 182 180 176 174 172 170 167 165 163 161 158 155 153 152 150 149 147 145 142 139 131 128 123 117 114 113 114 114 114 114 114 114 111 92 75 76 79 78 17 0 0 0 0 0 0 0 0 0 0
196 197 197 196 196 196 197 199 200 201 202 202 202 201 201 201 201 202 204 205 206 205 205 205 205 205 203 202 199 195 191 188 185 184 184 185 187 189 191 190 189 187 186 184 182 180 177 175 173 171 168 166 164 162 159 157 155 153 151 149 148 145 142 139 137 133 128 122 119 117 117 117 118 118 118 116 115 113 108 99 100 99 96 36 31 28 22 0 0 0 0 36 40 40
190 193 194 193 193 193 194 196 196 198 200 201 200 199 198 198 198 199 201 202 203 203 202 202 203 203 201 199 196 192 188 184 181 178 180 182 184 187 188 188 187 185 184 182 180 178 176 173 171 169 167 165 163 161 159 157 154 152 150 148 146 143 140 137 134 131 127 124 123 121 120 120 120 121 120 118 116 114 111 109 106 103 99 64 59 57 54 49 35 0 46 56 61 65
194 187 190 189 189 191 192 192 194 195 198 199 199 198 196 196 196 198 199 200 200 200 199 200 200 200 199 197 194 190 185 181 177 173 174 179 183 185 186 186 185 184 182 180 178 176 173 171 169 167 166 164 162 160 158 157 155 152 149 147 145 143 139 136 133 130 128 126 126 127 126 125 125 124 123 121 119 116 114 112 109 105 101 86 85 82 79 73 70 43 68 73 78 82
194 188 185 186 187 188 189 189 191 194 196 198 197 196 194 192 193 195 197 197 197 197 197 196 197 199 198 197 194 190 184 178 174 167 168 178 182 184 185 184 183 182 180 178 176 174 171 169 167 165 164 162 161 159 157 155 154 152 149 146 144 142 139 137 135 132 130 130 130 131 130 129 128 127 125 123 121 118 116 112 110 107 103 98 94 89 82 76 73 72 73 77 83 88
193 188 184 181 184 185 184 185 188 191 194 195 195 194 190 188 189 192 194 195 195 195 194 192 193 196 197 196 194 189 184 177 173 162 160 177 180 182 183 182 181 180 178 176 174 172 169 167 165 163 161 161 160 158 155 152 151 149 147 146 144 142 140 138 136 135 133 133 134 134 133 132 130 128 126 125 122 120 119 115 110 105 100 94 90 85 81 78 75 73 73 76 83 89
190 187 184 180 181 180 178 181 185 189 191 192 191 191 188 186 185 189 193 193 192 192 192 188 185 190 192 192 191 187 182 177 172 160 151 169 176 178 179 178 178 177 176 174 171 169 168 165 163 158 156 158 158 156 153 149 148 148 147 146 144 142 141 139 138 137 137 137 137 137 136 135 132 130 127 126 124 121 119 115 110 104 99 94 90 86 82 79 76 74 73 75 81 87
188 185 181 178 175 173 172 176 180 184 187 189 190 189 187 181 178 187 190 190 187 187 190 187 172 182 185 187 186 183 177 172 166 154 141 154 163 166 170 174 175 174 173 171 169 167 165 162 159 156 147 151 154 154 151 145 143 146 147 147 146 144 142 141 141 142 143 143 142 141 139 137 134 132 129 127 125 123 120 116 111 106 99 94 91 87 83 80 76 74 72 72 78 82
187 184 182 178 172 171 170 168 177 182 185 187 187 186 184 178 171 182 186 184 180 180 184 179 164 169 172 175 176 172 169 162 155 148 134 143 154 159 164 168 170 170 169 168 166 163 160 157 152 149 141 139 146 146 144 135 139 144 146 146 145 144 142 141 142 144 145 145 144 143 140 138 135 133 130 128 126 124 122 118 114 108 102 95 92 88 84 81 77 73 70 67 68 71
189 187 183 182 180 177 173 162 169 179 183 186 186 184 182 177 170 166 173 172 167 166 168 164 155 150 153 154 156 153 154 147 140 132 129 133 140 147 153 156 160 163 163 162 160 158 154 149 144 139 132 125 128 129 125 123 137 142 142 143 143 141 140 139 139 140 141 142 143 143 141 139 137 134 131 129 127 125 123 120 116 111 106 98 93 90 87 83 77 74 70 66 61 59
191 187 188 186 183 179 175 166 168 174 179 183 182 180 178 175 166 155 155 154 151 150 148 145 139 134 133 132 133 132 130 130 129 123 123 128 132 137 142 146 151 154 157 158 155 153 149 144 138 130 124 115 111 111 109 116 131 135 135 137 137 136 135 134 134 135 136 138 140 141 142 140 138 135 132 130 128 126 124 121 118 113 107 100 96 93 90 86 80 75 71 67 62 56
192 192 191 189 186 181 176 170 158 167 171 177 177 175 172 169 163 153 146 146 142 137 132 128 124 123 119 118 117 118 118 121 121 117 119 123 128 133 136 142 147 151 154 154 152 149 145 140 133 124 113 106 101 97 97 108 110 111 116 119 120 121 123 121 122 125 130 134 137 139 141 141 139 137 134 131 129 127 125 122 119 115 110 103 98 96 94 90 85 81 77 73 66 59
195 196 197 198 195 188 181 173 159 153 166 170 172 170 169 166 161 153 140 140 135 126 123 120 117 116 115 114 112 112 112 112 113 111 113 119 124 130 134 139 144 148 151 150 149 145 140 133 123 113 105 100 97 89 87 88 85 84 87 93 94 98 102 104 106 109 115 122 129 133 137 140 140 138 135 133 131 129 127 124 122 118 113 107 102 100 99 95 91 87 84 81 75 65
198 201 203 203 199 193 185 178 169 156 158 165 166 165 164 162 158 152 142 131 125 118 119 113 113 112 110 109 109 108 107 107 106 106 107 114 121 128 133 135 141 145 146 146 143 139 132 123 113 103 97 92 91 82 74 68 64 62 61 65 69 73 78 82 84 89 96 104 113 122 132 136 139 139 137 135 132 131 129 127 124 121 116 111 107 105 103 100 93 91 82 69 58 43
203 205 206 205 203 196 186 180 176 166 152 144 152 153 152 152 148 140 131 124 122 137 141 135 131 127 123 119 105 105 104 103 102 101 101 112 120 126 129 130 135 139 140 139 136 130 124 114 102 91 86 82 76 69 66 64 65 64 64 61 58 58 59 62 63 68 74 82 92 103 120 132 137 140 139 136 133 131 130 128 126 121 113 104 105 106 102 96 86 75 63 49 33 19
206 208 208 208 206 200 188 183 178 174 166 159 149 142 137 134 131 127 130 136 143 150 153 152 148 145 139 132 125 120 102 101 100 99 97 97 111 122 125 124 127 132 133 132 128 122 113 102 89 80 76 71 69 67 67 67 72 74 73 71 69 66 61 56 54 55 55 59 68 81 99 118 131 135 135 133 130 127 126 121 114 105 92 83 80 80 80 82 68 60 38 22 20 23
208 209 210 210 209 203 194 184 179 177 173 170 166 160 151 138 132 140 143 150 155 158 159 159 157 154 150 144 135 128 124 116 113 110 102 95 91 102 115 117 119 124 126 125 120 111 99 85 77 73 72 70 70 71 68 71 83 88 87 83 79 76 73 69 64 57 54 53 51 53 72 97 120 132 130 129 126 120 115 107 95 80 67 56 49 49 48 45 36 32 22 26 38 46
211 212 213 212 211 205 196 188 182 179 176 174 171 165 151 135 141 148 155 162 164 166 166 164 162 159 154 147 142 134 128 122 118 112 103 107 96 91 91 92 97 108 109 106 99 89 80 76 75 75 74 74 77 72 70 84 91 97 98 96 90 84 81 78 76 73 71 63 61 52 51 79 103 116 114 116 114 107 99 87 72 56 41 31 29 29 27 26 31 33 40 52 62 70
214 214 215 214 213 209 200 192 186 182 179 176 172 167 152 136 149 160 169 171 172 172 171 169 166 163 157 151 145 138 132 127 120 111 114 117 106 95 89 88 86 84 81 81 80 79 78 76 80 81 81 83 81 72 73 93 99 102 103 102 100 96 92 90 86 83 81 72 57 65 50 58 80 85 87 92 92 87 80 67 51 38 32 36 47 51 51 51 50 55 67 78 86 96
216 217 217 216 215 212 205 196 190 185 182 178 174 166 150 143 160 173 176 178 178 177 174 172 169 165 160 155 148 142 136 130 124 117 121 124 125 114 107 102 98 93 92 89 88 85 87 91 91 91 90 90 77 74 86 101 105 107 108 107 105 104 101 99 97 95 90 76 67 82 65 46 51 55 59 65 66 62 56 45 36 33 37 56 73 80 81 77 77 81 91 103 108 110
218 218 218 218 217 214 209 201 193 188 184 180 173 160 143 159 172 180 183 183 182 181 178 175 171 167 161 157 152 145 140 135 127 123 127 131 133 131 123 115 111 108 105 102 100 99 102 103 103 100 98 86 78 83 102 108 111 113 113 112 110 108 107 106 103 99 93 77 71 91 83 64 52 47 43 42 42 40 38 37 36 38 54 71 90 106 108 106 105 107 112 116 117 117
220 220 220 219 218 217 212 204 196 192 186 181 168 148 159 175 185 187 188 188 186 184 181 177 174 169 164 160 155 149 143 137 129 129 132 137 140 139 136 131 126 121 118 116 113 115 116 115 113 110 99 81 77 94 110 114 119 120 119 116 114 113 111 109 107 102 95 77 78 98 103 90 82 76 67 56 45 38 37 38 44 56 68 84 105 118 121 120 119 119 121 124 124 122
220 220 220 220 219 217 213 206 199 193 188 180 164 152 176 188 191 193 193 192 190 187 184 181 177 173 168 163 158 152 146 140 136 133 138 142 144 144 143 141 137 134 129 126 128 127 124 123 121 115 96 81 86 102 117 121 124 126 124 122 119 118 117 114 111 104 97 79 90 106 116 118 110 103 90 76 66 58 52 46 67 77 82 95 111 122 126 127 126 125 127 129 129 126
221 221 220 220 219 217 213 208 202 194 187 172 154 164 189 194 196 197 197 196 193 191 187 184 180 176 172 167 162 155 148 143 139 140 144 147 149 149 149 147 144 142 139 136 136 136 135 132 128 114 91 83 96 117 127 131 132 132 130 128 126 123 120 117 113 106 94 81 88 111 120 126 124 119 110 98 92 85 80 57 82 98 102 109 117 124 129 130 130 129 130 133 131 125
222 221 220 219 218 216 212 206 200 191 178 163 156 173 193 198 200 201 201 200 197 195 192 188 185 180 177 171 165 159 152 146 143 147 149 151 152 153 154 153 152 149 146 144 143 141 140 137 131 107 90 86 102 123 137 141 141 138 136 133 129 126 122 118 114 108 103 85 91 112 123 129 130 126 119 113 108 105 92 69 94 113 118 121 124 129 132 133 133 132 132 133 130 120
221 221 220 217 215 212 207 201 193 183 166 158 163 182 196 200 203 204 205 204 202 200 196 193 189 185 181 175 168 161 155 151 150 152 154 155 156 157 158 158 156 154 152 151 150 150 147 142 129 104 90 87 104 125 138 144 146 144 142 137 133 129 126 121 116 112 98 87 95 114 129 135 135 132 129 123 119 116 99 83 103 124 130 133 135 136 138 137 136 135 132 128 122 112
220 219 217 214 211 207 202 192 183 172 162 163 170 186 196 202 206 208 208 208 206 204 201 197 194 189 184 178 171 163 158 155 156 157 158 159 160 161 161 161 161 159 158 157 157 156 153 144 124 104 91 94 108 130 141 146 148 149 146 142 137 133 130 125 118 110 97 89 100 115 135 139 139 137 135 132 127 122 107 93 112 131 136 139 140 141 141 140 138 136 132 126 118 110
217 216 214 211 205 201 193 181 172 163 166 169 175 186 195 202 207 210 211 211 210 208 205 201 197 192 186 180 173 167 162 161 161 162 163 164 164 164 165 166 165 164 163 163 163 162 156 143 123 107 94 101 115 135 145 149 153 154 152 149 144 138 131 127 119 111 98 94 105 119 134 142 144 142 141 138 135 129 112 102 122 137 143 145 145 145 144 141 137 135 129 123 116 108
214 211 208 204 199 192 181 174 167 168 170 172 178 184 193 200 206 210 213 213 212 210 208 204 200 194 188 182 175 170 167 167 168 168 168 169 169 169 169 169 169 169 169 168 170 167 159 141 130 109 100 112 123 142 151 156 159 159 158 155 150 145 137 129 121 111 101 98 110 124 137 145 147 148 148 145 142 135 117 115 134 145 148 149 150 149 146 143 140 135 128 122 115 105
209 205 200 194 189 182 171 170 170 168 172 175 179 184 190 198 204 209 212 214 214 212 209 206 201 196 190 184 177 174 173 172 173 174 174 174 175 174 173 173 174 175 177 177 177 173 158 147 132 111 109 123 137 152 159 162 164 165 162 159 154 149 142 134 124 112 102 109 122 133 145 152 155 156 155 153 148 141 121 129 147 152 154 155 155 153 149 145 142 137 130 124 117 107
201 195 188 181 177 175 174 174 174 172 175 178 181 185 189 196 202 208 212 215 215 213 211 207 203 197 191 186 183 181 179 179 180 180 181 180 179 178 177 177 179 181 182 183 181 172 161 149 132 109 119 136 155 162 167 169 170 170 168 163 159 153 146 138 126 110 117 125 136 147 156 159 162 163 162 160 154 150 142 142 156 160 162 163 161 159 155 150 144 139 133 127 119 107
189 185 189 193 190 183 184 178 176 175 178 182 185 187 190 195 201 206 211 214 216 215 212 209 204 197 193 188 187 185 184 184 185 185 185 185 184 184 181 181 182 183 185 186 178 171 162 148 125 115 135 153 170 174 175 177 178 177 174 168 164 159 151 141 127 114 131 143 152 160 165 168 170 171 170 167 164 161 156 155 165 168 169 169 167 164 160 155 149 144 138 131 120 114
199 198 198 198 195 191 189 181 179 178 181 185 189 191 193 196 200 206 210 214 216 216 213 210 206 200 195 193 193 191 190 190 190 190 190 190 189 183 182 178 178 181 184 179 175 170 159 139 111 130 148 168 182 186 189 188 189 187 183 178 173 166 155 138 118 133 147 162 169 170 174 177 176 177 176 175 173 170 166 168 173 176 177 177 174 171 165 160 154 151 143 136 119 127
203 203 203 201 198 195 193 187 182 181 185 189 193 195 197 198 202 207 211 214 216 216 214 212 209 205 201 199 198 197 195 195 195 195 197 194 184 180 178 173 166 165 167 165 168 167 148 122 133 149 168 184 192 196 197 200 199 197 195 190 182 172 154 130 137 153 167 180 183 186 186 187 187 186 184 183 181 179 176 177 181 184 185 184 181 177 172 167 161 157 149 139 127 138
206 207 205 203 200 199 197 194 185 184 188 192 197 199 199 203 206 211 214 216 218 218 217 215 213 210 207 207 205 203 200 200 200 200 196 188 186 185 184 181 175 168 159 158 147 139 126 139 154 171 188 193 199 204 207 209 209 208 206 199 189 173 152 127 149 164 181 192 198 199 200 200 199 198 196 193 191 189 186 187 190 192 192 190 188 184 179 173 167 161 151 139 136 149
206 207 207 205 203 202 201 199 189 186 192 196 199 203 206 207 210 214 217 220 221 221 221 219 217 215 213 212 210 207 206 205 204 201 193 192 192 190 188 185 182 178 176 177 170 147 141 160 177 193 200 204 209 212 214 217 218 218 215 206 194 175 155 134 155 174 193 204 210 213 213 213 211 209 207 205 202 200 196 195 198 200 199 198 194 190 184 178 171 165 157 144 140 157
205 208 208 207 206 205 204 202 194 190 196 199 203 207 211 212 214 218 221 223 225 226 226 224 222 220 218 216 215 212 210 208 204 197 196 197 198 197 194 193 190 187 189 187 166 140 161 182 194 203 210 213 215 219 222 224 224 225 220 210 196 179 156 144 164 184 203 214 221 224 224 223 222 221 218 217 215 211 206 205 206 207 206 204 200 194 190 183 175 171 166 155 151 165
205 209 209 208 208 208 207 205 200 194 198 203 207 212 215 217 219 222 225 228 230 231 230 229 226 224 222 220 218 215 211 207 203 202 201 203 206 205 203 200 198 198 200 195 170 145 177 195 205 213 218 221 223 226 228 230 230 229 224 214 200 180 158 150 172 194 211 223 230 233 234 233 232 230 228 226 224 222 219 216 215 214 211 207 203 198 193 188 181 178 173 163 155 172
207 209 210 210 211 211 210 207 204 198 198 205 210 215 219 221 223 226 229 232 234 235 235 233 230 228 225 223 220 215 211 209 208 207 207 211 211 211 209 207 205 206 205 201 182 157 163 192 213 221 227 230 231 232 233 235 235 233 227 217 205 184 162 154 178 197 217 230 236 239 240 240 239 237 234 232 232 230 227 225 224 222 218 214 208 202 198 193 187 183 180 170 159 175
208 210 211 213 213 214 212 210 207 203 204 201 209 216 221 224 226 229 232 236 238 239 239 237 235 232 228 225 221 216 214 213 213 213 215 218 218 217 216 212 211 212 212 208 197 171 157 186 212 229 235 238 239 238 239 240 239 237 230 222 207 188 167 155 180 202 222 233 240 243 244 243 242 240 238 238 238 237 233 230 230 228 225 221 215 208 203 199 193 189 186 175 163 180
210 212 214 216 216 217 215 213 208 207 212 209 208 215 224 228 230 232 235 240 243 243 242 241 238 233 229 225 221 220 218 216 217 218 221 222 222 221 220 218 218 218 217 214 204 187 159 189 215 234 241 245 246 245 245 244 243 239 234 224 210 190 167 162 180 204 223 233 240 245 246 246 244 243 243 243 242 240 236 235 234 232 229 224 219 214 209 206 201 196 191 181 170 185
